1 743.0
2 641.0
3 727.0
4 362.0
5 882.0
6 789.0
7 595.0
8 743.0
9 471.0
10 555.0
11 266.0
12 446.0
13 333.0
14 530.0
15 897.0
16 961.0
17 366.0
18 496.0
19 929.0
20 507.0
21 578.0
22 205.0
23 132.0
24 781.0
25 339.0
26 306.0
27 556.0
28 389.0
29 317.0
30 764.0
31 282.0
32 495.0
33 971.0
34 386.0
35 524.0
36 398.0
37 670.0
38 340.0
39 600.0
40 369.0
41 462.0
42 899.0
43 517.0
44 355.0
45 290.0
46 966.0
47 443.0
48 855.0
49 962.0
50 350.0
51 116.0
52 565.0
53 506.0
54 144.0
55 353.0
56 207.0
57 643.0
58 43.0
59 131.0
60 258.0
61 967.0
62 875.0
63 425.0
64 207.0
65 100.0
66 160.0
67 824.0
68 331.0
69 514.0
70 39.0
71 243.0
72 935.0
73 935.0
74 476.0
75 444.0
76 446.0
77 250.0
78 262.0
79 925.0
80 770.0
81 617.0
82 962.0
83 724.0
84 801.0
85 33.0
86 626.0
87 52.0
88 81.0
89 976.0
90 773.0
91 258.0
92 149.0
93 855.0
94 879.0
95 532.0
96 274.0
97 904.0
98 386.0
99 918.0
100 875.0
101 849.0
102 998.0
103 669.0
104 163.0
105 150.0
106 883.0
107 709.0
108 196.0
109 872.0
110 252.0
111 977.0
112 834.0
113 260.0
114 635.0
115 741.0
116 806.0
117 913.0
118 140.0
119 531.0
120 457.0
121 56.0
122 892.0
123 215.0
124 527.0
125 771.0
126 823.0
127 878.0
128 734.0
129 210.0
130 36.0
131 585.0
132 787.0
133 754.0
134 941.0
135 809.0
136 922.0
137 797.0
138 495.0
139 312.0
140 987.0
141 346.0
142 939.0
143 502.0
144 622.0
145 891.0
146 574.0
147 862.0
148 76.0
149 83.0
150 284.0
151 857.0
152 785.0
153 585.0
154 708.0
155 864.0
156 903.0
157 103.0
158 191.0
159 18.0
160 609.0
161 1000.0
162 893.0
163 588.0
164 153.0
165 89.0
166 754.0
167 406.0
168 288.0
169 161.0
170 291.0
171 150.0
172 950.0
173 588.0
174 598.0
175 762.0
176 787.0
177 812.0
178 273.0
179 103.0
180 419.0
181 921.0
182 432.0
183 17.0
184 96.0
185 536.0
186 396.0
187 335.0
188 801.0
189 157.0
190 141.0
191 2.0
192 651.0
193 764.0
194 74.0
195 415.0
196 918.0
197 875.0
198 285.0
199 289.0
200 860.0
201 538.0
202 940.0
203 818.0
204 60.0
205 688.0
206 141.0
207 709.0
208 933.0
209 103.0
210 160.0
211 673.0
212 611.0
213 753.0
214 663.0
215 315.0
216 446.0
217 692.0
218 199.0
219 956.0
220 982.0
221 732.0
222 991.0
223 834.0
224 346.0
225 102.0
226 791.0
227 274.0
228 667.0
229 933.0
230 386.0
231 898.0
232 320.0
233 898.0
234 124.0
235 670.0
236 480.0
237 607.0
238 726.0
239 579.0
240 739.0
241 347.0
242 487.0
243 89.0
244 306.0
245 613.0
246 930.0
247 19.0
248 599.0
249 439.0
250 883.0
251 430.0
252 912.0
253 935.0
254 953.0
255 188.0
256 163.0
257 578.0
258 370.0
259 332.0
260 661.0
261 762.0
262 216.0
263 58.0
264 251.0
265 800.0
266 121.0
267 119.0
268 159.0
269 118.0
270 617.0
271 725.0
272 342.0
273 612.0
274 471.0
275 545.0
276 191.0
277 250.0
278 485.0
279 266.0
280 969.0
281 803.0
282 444.0
283 271.0
284 482.0
285 256.0
286 121.0
287 368.0
288 60.0
289 820.0
290 517.0
291 215.0
292 115.0
293 677.0
294 786.0
295 2.0
296 195.0
297 560.0
298 630.0
299 197.0
300 671.0
301 9.0
302 293.0
303 702.0
304 955.0
305 676.0
306 686.0
307 530.0
308 394.0
309 389.0
310 549.0
311 207.0
312 808.0
313 742.0
314 57.0
315 481.0
316 974.0
317 893.0
318 702.0
319 518.0
320 226.0
321 875.0
322 836.0
323 745.0
324 735.0
325 191.0
326 760.0
327 649.0
328 972.0
329 664.0
330 855.0
331 359.0
332 314.0
333 526.0
334 814.0
335 610.0
336 747.0
337 506.0
338 706.0
339 698.0
340 141.0
341 241.0
342 237.0
343 408.0
344 643.0
345 686.0
346 284.0
347 481.0
348 288.0
349 314.0
350 506.0
351 87.0
352 91.0
353 809.0
354 593.0
355 936.0
356 494.0
357 649.0
358 499.0
359 124.0
360 239.0
361 432.0
362 830.0
363 540.0
364 454.0
365 70.0
366 422.0
367 676.0
368 968.0
369 982.0
370 995.0
371 985.0
372 665.0
373 256.0
374 732.0
375 497.0
376 967.0
377 325.0
378 528.0
379 294.0
380 405.0
381 86.0
382 678.0
383 540.0
384 571.0
385 564.0
386 735.0
387 236.0
388 670.0
389 112.0
390 360.0
391 536.0
392 308.0
393 935.0
394 2.0
395 457.0
396 120.0
397 141.0
398 411.0
399 91.0
400 328.0
401 879.0
402 50.0
403 975.0
404 358.0
405 140.0
406 704.0
407 69.0
408 173.0
409 651.0
410 736.0
411 973.0
412 111.0
413 945.0
414 685.0
415 317.0
416 573.0
417 54.0
418 157.0
419 22.0
420 126.0
421 492.0
422 246.0
423 1.0
424 205.0
425 160.0
426 56.0
427 168.0
428 846.0
429 538.0
430 232.0
431 100.0
432 618.0
433 93.0
434 790.0
435 522.0
436 184.0
437 105.0
438 986.0
439 831.0
440 750.0
441 249.0
442 351.0
443 282.0
444 964.0
445 115.0
446 551.0
447 51.0
448 742.0
449 525.0
450 213.0
451 341.0
452 841.0
453 933.0
454 401.0
455 916.0
456 985.0
457 422.0
458 997.0
459 878.0
460 770.0
461 803.0
462 851.0
463 336.0
464 588.0
465 116.0
466 201.0
467 615.0
468 335.0
469 385.0
470 497.0
471 1000.0
472 711.0
473 834.0
474 520.0
475 631.0
476 516.0
477 879.0
478 342.0
479 22.0
480 466.0
481 149.0
482 492.0
483 905.0
484 694.0
485 446.0
486 462.0
487 484.0
488 298.0
489 35.0
490 476.0
491 993.0
492 974.0
493 919.0
494 368.0
495 409.0
496 74.0
497 768.0
498 224.0
499 499.0
500 136.0
501 992.0
502 414.0
503 958.0
504 294.0
505 43.0
506 548.0
507 248.0
508 782.0
509 403.0
510 901.0
511 878.0
512 123.0
513 886.0
514 827.0
515 332.0
516 496.0
517 795.0
518 750.0
519 487.0
520 197.0
521 220.0
522 374.0
523 426.0
524 84.0
525 252.0
526 868.0
527 740.0
528 374.0
529 170.0
530 902.0
531 40.0
532 202.0
533 723.0
534 592.0
535 147.0
536 887.0
537 475.0
538 597.0
539 617.0
540 956.0
541 807.0
542 836.0
543 589.0
544 586.0
545 579.0
546 564.0
547 641.0
548 271.0
549 627.0
550 825.0
551 315.0
552 209.0
553 275.0
554 628.0
555 151.0
556 110.0
557 754.0
558 538.0
559 653.0
560 873.0
561 976.0
562 764.0
563 346.0
564 850.0
565 422.0
566 242.0
567 218.0
568 229.0
569 980.0
570 646.0
571 159.0
572 389.0
573 485.0
574 751.0
575 662.0
576 971.0
577 309.0
578 78.0
579 996.0
580 790.0
581 858.0
582 279.0
583 233.0
584 641.0
585 988.0
586 308.0
587 14.0
588 544.0
589 403.0
590 22.0
591 705.0
592 918.0
593 848.0
594 473.0
595 633.0
596 751.0
597 486.0
598 851.0
599 435.0
600 840.0
601 201.0
602 691.0
603 156.0
604 800.0
605 674.0
606 735.0
607 604.0
608 640.0
609 999.0
610 543.0
611 695.0
612 351.0
613 308.0
614 786.0
615 912.0
616 148.0
617 304.0
618 951.0
619 783.0
620 702.0
621 905.0
622 37.0
623 280.0
624 947.0
625 181.0
626 716.0
627 344.0
628 839.0
629 626.0
630 355.0
631 320.0
632 712.0
633 362.0
634 204.0
635 937.0
636 751.0
637 281.0
638 97.0
639 633.0
640 448.0
641 265.0
642 943.0
643 419.0
644 814.0
645 581.0
646 400.0
647 201.0
648 546.0
649 236.0
650 136.0
651 455.0
652 321.0
653 633.0
654 228.0
655 420.0
656 861.0
657 87.0
658 344.0
659 520.0
660 469.0
661 876.0
662 561.0
663 553.0
664 249.0
665 308.0
666 830.0
667 309.0
668 365.0
669 949.0
670 347.0
671 640.0
672 250.0
673 520.0
674 343.0
675 720.0
676 880.0
677 203.0
678 101.0
679 151.0
680 873.0
681 34.0
682 317.0
683 815.0
684 403.0
685 831.0
686 283.0
687 917.0
688 655.0
689 617.0
690 764.0
691 411.0
692 822.0
693 848.0
694 824.0
695 124.0
696 454.0
697 798.0
698 348.0
699 233.0
700 296.0
701 383.0
702 438.0
703 399.0
704 648.0
705 323.0
706 404.0
707 768.0
708 627.0
709 2.0
710 596.0
711 288.0
712 705.0
713 599.0
714 896.0
715 236.0
716 309.0
717 55.0
718 290.0
719 645.0
720 288.0
721 242.0
722 581.0
723 352.0
724 568.0
725 247.0
726 963.0
727 729.0
728 366.0
729 41.0
730 870.0
731 761.0
732 950.0
733 916.0
734 247.0
735 32.0
736 993.0
737 985.0
738 149.0
739 339.0
740 289.0
741 746.0
742 364.0
743 141.0
744 719.0
745 148.0
746 560.0
747 741.0
748 105.0
749 873.0
750 348.0
751 151.0
752 815.0
753 576.0
754 492.0
755 876.0
756 763.0
757 622.0
758 441.0
759 422.0
760 754.0
761 489.0
762 299.0
763 212.0
764 951.0
765 335.0
766 311.0
767 720.0
768 635.0
769 422.0
770 982.0
771 66.0
772 289.0
773 23.0
774 954.0
775 16.0
776 506.0
777 127.0
778 853.0
779 303.0
780 155.0
781 808.0
782 429.0
783 490.0
784 758.0
785 359.0
786 423.0
787 86.0
788 18.0
789 383.0
790 782.0
791 515.0
792 47.0
793 875.0
794 29.0
795 603.0
796 864.0
797 948.0
798 813.0
799 663.0
800 425.0
801 254.0
802 951.0
803 926.0
804 523.0
805 375.0
806 535.0
807 15.0
808 635.0
809 379.0
810 10.0
811 405.0
812 969.0
813 536.0
814 486.0
815 311.0
816 735.0
817 682.0
818 923.0
819 268.0
820 898.0
821 53.0
822 249.0
823 723.0
824 530.0
825 505.0
826 905.0
827 332.0
828 165.0
829 911.0
830 818.0
831 295.0
832 468.0
833 162.0
834 267.0
835 983.0
836 891.0
837 685.0
838 692.0
839 318.0
840 965.0
841 557.0
842 33.0
843 841.0
844 293.0
845 332.0
846 816.0
847 196.0
848 334.0
849 464.0
850 808.0
851 765.0
852 580.0
853 781.0
854 760.0
855 568.0
856 779.0
857 797.0
858 420.0
859 107.0
860 460.0
861 792.0
862 756.0
863 742.0
864 118.0
865 485.0
866 71.0
867 386.0
868 76.0
869 808.0
870 474.0
871 702.0
872 210.0
873 791.0
874 22.0
875 778.0
876 456.0
877 766.0
878 667.0
879 246.0
880 242.0
881 181.0
882 48.0
883 90.0
884 765.0
885 100.0
886 70.0
887 28.0
888 350.0
889 70.0
890 174.0
891 126.0
892 951.0
893 401.0
894 160.0
895 539.0
896 236.0
897 78.0
898 448.0
899 608.0
900 584.0
901 456.0
902 693.0
903 317.0
904 754.0
905 602.0
906 754.0
907 57.0
908 968.0
909 650.0
910 103.0
911 918.0
912 618.0
913 840.0
914 911.0
915 300.0
916 831.0
917 934.0
918 185.0
919 432.0
920 717.0
921 587.0
922 577.0
923 512.0
924 162.0
925 851.0
926 650.0
927 587.0
928 686.0
929 411.0
930 697.0
931 940.0
932 17.0
933 331.0
934 470.0
935 712.0
936 709.0
937 65.0
938 509.0
939 747.0
940 360.0
941 234.0
942 110.0
943 111.0
944 720.0
945 213.0
946 354.0
947 608.0
948 242.0
949 858.0
950 41.0
951 615.0
952 463.0
953 841.0
954 803.0
955 986.0
956 906.0
957 888.0
958 168.0
959 368.0
960 89.0
961 924.0
962 846.0
963 235.0
964 614.0
965 508.0
966 36.0
967 108.0
968 235.0
969 227.0
970 155.0
971 956.0
972 279.0
973 652.0
974 956.0
975 505.0
976 779.0
977 309.0
978 667.0
979 254.0
980 203.0
981 609.0
982 424.0
983 316.0
984 714.0
985 98.0
986 993.0
987 804.0
988 502.0
989 460.0
990 465.0
991 405.0
992 820.0
993 627.0
994 417.0
995 901.0
996 25.0
997 73.0
998 776.0
999 921.0
1000 98.0
1001 771.0
1002 472.0
1003 886.0
1004 835.0
1005 618.0
1006 808.0
1007 146.0
1008 130.0
1009 102.0
1010 360.0
1011 625.0
1012 570.0
1013 838.0
1014 144.0
1015 822.0
1016 831.0
1017 189.0
1018 711.0
1019 938.0
1020 250.0
1021 534.0
1022 833.0
1023 976.0
1024 266.0
1025 955.0
1026 445.0
1027 144.0
1028 351.0
1029 1000.0
1030 529.0
1031 539.0
1032 490.0
1033 932.0
1034 733.0
1035 132.0
1036 197.0
1037 374.0
1038 583.0
1039 284.0
1040 585.0
1041 512.0
1042 309.0
1043 618.0
1044 6.0
1045 129.0
1046 456.0
1047 877.0
1048 348.0
1049 542.0
1050 646.0
1051 500.0
1052 147.0
1053 173.0
1054 96.0
1055 75.0
1056 318.0
1057 868.0
1058 744.0
1059 460.0
1060 420.0
1061 291.0
1062 136.0
1063 345.0
1064 83.0
1065 660.0
1066 532.0
1067 246.0
1068 432.0
1069 883.0
1070 65.0
1071 457.0
1072 55.0
1073 629.0
1074 145.0
1075 266.0
1076 389.0
1077 247.0
1078 735.0
1079 823.0
1080 159.0
1081 482.0
1082 569.0
1083 430.0
1084 857.0
1085 855.0
1086 838.0
1087 622.0
1088 130.0
1089 207.0
1090 423.0
1091 381.0
1092 321.0
1093 356.0
1094 236.0
1095 992.0
1096 353.0
1097 36.0
1098 866.0
1099 537.0
1100 606.0
1101 279.0
1102 265.0
1103 834.0
1104 433.0
1105 193.0
1106 896.0
1107 597.0
1108 468.0
1109 656.0
1110 399.0
1111 4.0
1112 958.0
1113 765.0
1114 533.0
1115 422.0
1116 932.0
1117 44.0
1118 896.0
1119 927.0
1120 116.0
1121 292.0
1122 652.0
1123 466.0
1124 191.0
1125 650.0
1126 317.0
1127 926.0
1128 134.0
1129 937.0
1130 461.0
1131 132.0
1132 126.0
1133 560.0
1134 27.0
1135 797.0
1136 718.0
1137 320.0
1138 881.0
1139 759.0
1140 770.0
1141 272.0
1142 78.0
1143 414.0
1144 927.0
1145 367.0
1146 332.0
1147 109.0
1148 280.0
1149 9.0
1150 90.0
1151 403.0
1152 199.0
1153 778.0
1154 682.0
1155 542.0
1156 238.0
1157 553.0
1158 11.0
1159 163.0
1160 440.0
1161 953.0
1162 351.0
1163 274.0
1164 332.0
1165 539.0
1166 893.0
1167 777.0
1168 385.0
1169 480.0
1170 846.0
1171 386.0
1172 758.0
1173 472.0
1174 43.0
1175 596.0
1176 674.0
1177 531.0
1178 200.0
1179 487.0
1180 889.0
1181 902.0
1182 209.0
1183 526.0
1184 318.0
1185 757.0
1186 106.0
1187 203.0
1188 32.0
1189 505.0
1190 644.0
1191 312.0
1192 521.0
1193 547.0
1194 712.0
1195 886.0
1196 348.0
1197 34.0
1198 209.0
1199 347.0
1200 22.0
1201 724.0
1202 362.0
1203 216.0
1204 241.0
1205 358.0
1206 874.0
1207 792.0
1208 422.0
1209 48.0
1210 770.0
1211 604.0
1212 790.0
1213 72.0
1214 248.0
1215 45.0
1216 174.0
1217 111.0
1218 381.0
1219 549.0
1220 32.0
1221 394.0
1222 30.0
1223 848.0
1224 182.0
1225 477.0
1226 933.0
1227 369.0
1228 171.0
1229 319.0
1230 492.0
1231 552.0
1232 194.0
1233 163.0
1234 464.0
1235 958.0
1236 25.0
1237 258.0
1238 384.0
1239 342.0
1240 447.0
1241 804.0
1242 274.0
1243 482.0
1244 283.0
1245 641.0
1246 895.0
1247 450.0
1248 233.0
1249 110.0
1250 592.0
1251 179.0
1252 370.0
1253 183.0
1254 525.0
1255 640.0
1256 343.0
1257 454.0
1258 952.0
1259 666.0
1260 18.0
1261 817.0
1262 31.0
1263 500.0
1264 579.0
1265 694.0
1266 540.0
1267 413.0
1268 826.0
1269 493.0
1270 794.0
1271 335.0
1272 768.0
1273 567.0
1274 999.0
1275 305.0
1276 402.0
1277 322.0
1278 261.0
1279 677.0
1280 974.0
1281 272.0
1282 467.0
1283 436.0
1284 884.0
1285 797.0
1286 320.0
1287 719.0
1288 854.0
1289 63.0
1290 833.0
1291 558.0
1292 922.0
1293 51.0
1294 756.0
1295 199.0
1296 337.0
1297 978.0
1298 477.0
1299 840.0
1300 423.0
1301 378.0
1302 152.0
1303 506.0
1304 82.0
1305 29.0
1306 993.0
1307 847.0
1308 638.0
1309 493.0
1310 869.0
1311 74.0
1312 396.0
1313 459.0
1314 649.0
1315 900.0
1316 398.0
1317 260.0
1318 989.0
1319 312.0
1320 559.0
1321 923.0
1322 594.0
1323 230.0
1324 575.0
1325 836.0
1326 345.0
1327 640.0
1328 740.0
1329 669.0
1330 50.0
1331 575.0
1332 69.0
1333 486.0
1334 9.0
1335 388.0
1336 957.0
1337 91.0
1338 13.0
1339 150.0
1340 907.0
1341 518.0
1342 890.0
1343 613.0
1344 764.0
1345 235.0
1346 207.0
1347 130.0
1348 257.0
1349 71.0
1350 291.0
1351 108.0
1352 608.0
1353 105.0
1354 287.0
1355 66.0
1356 422.0
1357 725.0
1358 581.0
1359 139.0
1360 46.0
1361 888.0
1362 564.0
1363 897.0
1364 145.0
1365 156.0
1366 341.0
1367 708.0
1368 267.0
1369 411.0
1370 738.0
1371 458.0
1372 771.0
1373 317.0
1374 626.0
1375 350.0
1376 611.0
1377 462.0
1378 404.0
1379 657.0
1380 105.0
1381 847.0
1382 213.0
1383 784.0
1384 22.0
1385 799.0
1386 326.0
1387 715.0
1388 8.0
1389 709.0
1390 970.0
1391 922.0
1392 626.0
1393 955.0
1394 746.0
1395 151.0
1396 69.0
1397 251.0
1398 723.0
1399 39.0
1400 882.0
1401 188.0
1402 215.0
1403 398.0
1404 907.0
1405 186.0
1406 248.0
1407 138.0
1408 990.0
1409 161.0
1410 715.0
1411 228.0
1412 923.0
1413 199.0
1414 269.0
1415 785.0
1416 505.0
1417 224.0
1418 68.0
1419 388.0
1420 571.0
1421 160.0
1422 592.0
1423 959.0
1424 341.0
1425 364.0
1426 886.0
1427 111.0
1428 453.0
1429 164.0
1430 746.0
1431 700.0
1432 606.0
1433 201.0
1434 566.0
1435 407.0
1436 824.0
1437 872.0
1438 777.0
1439 589.0
1440 973.0
1441 605.0
1442 95.0
1443 300.0
1444 307.0
1445 870.0
1446 52.0
1447 341.0
1448 508.0
1449 795.0
1450 642.0
1451 420.0
1452 888.0
1453 30.0
1454 220.0
1455 55.0
1456 163.0
1457 9.0
1458 229.0
1459 601.0
1460 510.0
1461 85.0
1462 700.0
1463 903.0
1464 367.0
1465 107.0
1466 946.0
1467 416.0
1468 840.0
1469 893.0
1470 326.0
1471 285.0
1472 406.0
1473 680.0
1474 490.0
1475 783.0
1476 1.0
1477 118.0
1478 26.0
1479 745.0
1480 544.0
1481 540.0
1482 26.0
1483 71.0
1484 367.0
1485 294.0
1486 676.0
1487 186.0
1488 59.0
1489 666.0
1490 618.0
1491 364.0
1492 712.0
1493 498.0
1494 489.0
1495 155.0
1496 651.0
1497 972.0
1498 739.0
1499 781.0
1500 293.0
1501 106.0
1502 577.0
1503 240.0
1504 904.0
1505 482.0
1506 609.0
1507 30.0
1508 680.0
1509 349.0
1510 576.0
1511 879.0
1512 747.0
1513 763.0
1514 377.0
1515 586.0
1516 397.0
1517 649.0
1518 441.0
1519 85.0
1520 109.0
1521 715.0
1522 383.0
1523 176.0
1524 695.0
1525 952.0
1526 803.0
1527 903.0
1528 198.0
1529 66.0
1530 20.0
1531 461.0
1532 17.0
1533 535.0
1534 525.0
1535 615.0
1536 108.0
1537 173.0
1538 940.0
1539 83.0
1540 982.0
1541 3.0
1542 309.0
1543 985.0
1544 693.0
1545 961.0
1546 612.0
1547 496.0
1548 937.0
1549 460.0
1550 515.0
1551 78.0
1552 887.0
1553 123.0
1554 483.0
1555 219.0
1556 419.0
1557 60.0
1558 550.0
1559 441.0
1560 931.0
1561 903.0
1562 255.0
1563 448.0
1564 60.0
1565 434.0
1566 457.0
1567 675.0
1568 182.0
1569 79.0
1570 13.0
1571 168.0
1572 789.0
1573 684.0
1574 596.0
1575 691.0
1576 455.0
1577 986.0
1578 233.0
1579 177.0
1580 365.0
1581 953.0
1582 532.0
1583 172.0
1584 86.0
1585 668.0
1586 900.0
1587 696.0
1588 572.0
1589 764.0
1590 517.0
1591 51.0
1592 155.0
1593 527.0
1594 254.0
1595 454.0
1596 651.0
1597 615.0
1598 190.0
1599 5.0
1600 566.0
1601 50.0
1602 921.0
1603 434.0
1604 763.0
1605 547.0
1606 375.0
1607 285.0
1608 924.0
1609 462.0
1610 413.0
1611 656.0
1612 568.0
1613 668.0
1614 115.0
1615 395.0
1616 392.0
1617 418.0
1618 278.0
1619 700.0
1620 232.0
1621 841.0
1622 303.0
1623 408.0
1624 985.0
1625 59.0
1626 380.0
1627 835.0
1628 425.0
1629 16.0
1630 555.0
1631 968.0
1632 975.0
1633 54.0
1634 82.0
1635 947.0
1636 122.0
1637 930.0
1638 196.0
1639 242.0
1640 366.0
1641 451.0
1642 316.0
1643 664.0
1644 293.0
1645 148.0
1646 488.0
1647 375.0
1648 613.0
1649 457.0
1650 815.0
1651 334.0
1652 770.0
1653 661.0
1654 485.0
1655 228.0
1656 43.0
1657 480.0
1658 998.0
1659 772.0
1660 887.0
1661 523.0
1662 137.0
1663 421.0
1664 652.0
1665 35.0
1666 260.0
1667 936.0
1668 679.0
1669 239.0
1670 520.0
1671 992.0
1672 240.0
1673 364.0
1674 683.0
1675 943.0
1676 736.0
1677 889.0
1678 338.0
1679 187.0
1680 53.0
1681 865.0
1682 407.0
1683 76.0
1684 9.0
1685 200.0
1686 44.0
1687 166.0
1688 391.0
1689 675.0
1690 181.0
1691 707.0
1692 136.0
1693 44.0
1694 251.0
1695 674.0
1696 868.0
1697 16.0
1698 831.0
1699 285.0
1700 118.0
1701 83.0
1702 267.0
1703 954.0
1704 260.0
1705 133.0
1706 660.0
1707 802.0
1708 391.0
1709 538.0
1710 922.0
1711 431.0
1712 137.0
1713 943.0
1714 38.0
1715 399.0
1716 629.0
1717 293.0
1718 38.0
1719 967.0
1720 723.0
1721 722.0
1722 666.0
1723 19.0
1724 834.0
1725 823.0
1726 187.0
1727 704.0
1728 674.0
1729 446.0
1730 294.0
1731 274.0
1732 533.0
1733 653.0
1734 612.0
1735 800.0
1736 709.0
1737 618.0
1738 874.0
1739 923.0
1740 142.0
1741 334.0
1742 432.0
1743 575.0
1744 290.0
1745 693.0
1746 418.0
1747 639.0
1748 829.0
1749 147.0
1750 522.0
1751 866.0
1752 801.0
1753 434.0
1754 55.0
1755 956.0
1756 424.0
1757 19.0
1758 691.0
1759 615.0
1760 900.0
1761 810.0
1762 47.0
1763 573.0
1764 202.0
1765 360.0
1766 36.0
1767 987.0
1768 1000.0
1769 279.0
1770 766.0
1771 415.0
1772 607.0
1773 809.0
1774 601.0
1775 538.0
1776 61.0
1777 543.0
1778 882.0
1779 113.0
1780 229.0
1781 100.0
1782 725.0
1783 235.0
1784 144.0
1785 143.0
1786 270.0
1787 815.0
1788 599.0
1789 525.0
1790 699.0
1791 352.0
1792 407.0
1793 476.0
1794 396.0
1795 488.0
1796 627.0
1797 719.0
1798 620.0
1799 529.0
1800 493.0
1801 85.0
1802 167.0
1803 121.0
1804 738.0
1805 733.0
1806 567.0
1807 528.0
1808 500.0
1809 326.0
1810 525.0
1811 487.0
1812 31.0
1813 625.0
1814 471.0
1815 484.0
1816 969.0
1817 749.0
1818 259.0
1819 373.0
1820 27.0
1821 36.0
1822 325.0
1823 660.0
1824 589.0
1825 799.0
1826 823.0
1827 451.0
1828 812.0
1829 480.0
1830 597.0
1831 19.0
1832 557.0
1833 685.0
1834 129.0
1835 175.0
1836 658.0
1837 309.0
1838 978.0
1839 133.0
1840 781.0
1841 509.0
1842 597.0
1843 395.0
1844 424.0
1845 595.0
1846 848.0
1847 211.0
1848 374.0
1849 2.0
1850 949.0
1851 571.0
1852 314.0
1853 375.0
1854 96.0
1855 298.0
1856 122.0
1857 474.0
1858 507.0
1859 763.0
1860 795.0
1861 13.0
1862 147.0
1863 909.0
1864 883.0
1865 818.0
1866 3.0
1867 802.0
1868 762.0
1869 622.0
1870 359.0
1871 649.0
1872 84.0
1873 666.0
1874 145.0
1875 305.0
1876 243.0
1877 787.0
1878 140.0
1879 600.0
1880 782.0
1881 46.0
1882 447.0
1883 437.0
1884 228.0
1885 61.0
1886 435.0
1887 502.0
1888 967.0
1889 138.0
1890 84.0
1891 590.0
1892 433.0
1893 944.0
1894 444.0
1895 28.0
1896 47.0
1897 980.0
1898 769.0
1899 383.0
1900 59.0
1901 331.0
1902 717.0
1903 678.0
1904 713.0
1905 211.0
1906 901.0
1907 641.0
1908 873.0
1909 645.0
1910 990.0
1911 71.0
1912 629.0
1913 209.0
1914 499.0
1915 275.0
1916 169.0
1917 133.0
1918 400.0
1919 693.0
1920 620.0
1921 225.0
1922 670.0
1923 205.0
1924 433.0
1925 35.0
1926 959.0
1927 362.0
1928 325.0
1929 341.0
1930 615.0
1931 751.0
1932 768.0
1933 619.0
1934 407.0
1935 953.0
1936 479.0
1937 370.0
1938 429.0
1939 147.0
1940 411.0
1941 284.0
1942 828.0
1943 179.0
1944 296.0
1945 43.0
1946 192.0
1947 91.0
1948 884.0
1949 216.0
1950 666.0
1951 445.0
1952 612.0
1953 65.0
1954 121.0
1955 478.0
1956 630.0
1957 320.0
1958 1001.0
1959 74.0
1960 756.0
1961 906.0
1962 764.0
1963 753.0
1964 161.0
1965 389.0
1966 234.0
1967 437.0
1968 324.0
1969 416.0
1970 510.0
1971 508.0
1972 69.0
1973 752.0
1974 545.0
1975 765.0
1976 308.0
1977 612.0
1978 909.0
1979 273.0
1980 444.0
1981 851.0
1982 763.0
1983 688.0
1984 262.0
1985 237.0
1986 558.0
1987 625.0
1988 528.0
1989 488.0
1990 520.0
1991 781.0
1992 455.0
1993 933.0
1994 557.0
1995 53.0
1996 658.0
1997 709.0
1998 821.0
1999 650.0
2000 193.0
2001 137.0
2002 790.0
2003 216.0
2004 833.0
2005 539.0
2006 411.0
2007 354.0
2008 762.0
2009 34.0
2010 529.0
2011 524.0
2012 457.0
2013 57.0
2014 559.0
2015 181.0
2016 677.0
2017 174.0
2018 124.0
2019 196.0
2020 74.0
2021 518.0
2022 152.0
2023 77.0
2024 177.0
2025 599.0
2026 780.0
2027 190.0
2028 173.0
2029 507.0
2030 218.0
2031 261.0
2032 165.0
2033 573.0
2034 669.0
2035 690.0
2036 372.0
2037 333.0
2038 253.0
2039 804.0
2040 22.0
2041 271.0
2042 886.0
2043 45.0
2044 541.0
2045 160.0
2046 997.0
2047 213.0
2048 1001.0
2049 14.0
2050 7.0
2051 321.0
2052 694.0
2053 563.0
2054 520.0
2055 310.0
2056 130.0
2057 910.0
2058 240.0
2059 879.0
2060 710.0
2061 521.0
2062 758.0
2063 924.0
2064 828.0
2065 985.0
2066 440.0
2067 644.0
2068 191.0
2069 33.0
2070 875.0
2071 206.0
2072 657.0
2073 167.0
2074 474.0
2075 957.0
2076 43.0
2077 858.0
2078 81.0
2079 574.0
2080 920.0
2081 702.0
2082 707.0
2083 201.0
2084 577.0
2085 80.0
2086 777.0
2087 603.0
2088 39.0
2089 871.0
2090 602.0
2091 574.0
2092 202.0
2093 493.0
2094 171.0
2095 365.0
2096 904.0
2097 90.0
2098 685.0
2099 704.0
2100 42.0
2101 4.0
2102 731.0
2103 34.0
2104 626.0
2105 741.0
2106 393.0
2107 993.0
2108 11.0
2109 547.0
2110 107.0
2111 761.0
2112 410.0
2113 343.0
2114 548.0
2115 854.0
2116 201.0
2117 218.0
2118 407.0
2119 130.0
2120 459.0
2121 901.0
2122 459.0
2123 264.0
2124 613.0
2125 615.0
2126 944.0
2127 719.0
2128 122.0
2129 534.0
2130 914.0
2131 278.0
2132 578.0
2133 587.0
2134 848.0
2135 545.0
2136 720.0
2137 726.0
2138 564.0
2139 418.0
2140 409.0
2141 890.0
2142 156.0
2143 441.0
2144 740.0
2145 805.0
2146 449.0
2147 106.0
2148 123.0
2149 452.0
2150 275.0
2151 641.0
2152 338.0
2153 493.0
2154 667.0
2155 539.0
2156 278.0
2157 225.0
2158 933.0
2159 114.0
2160 351.0
2161 619.0
2162 457.0
2163 671.0
2164 265.0
2165 857.0
2166 1000.0
2167 425.0
2168 250.0
2169 357.0
2170 175.0
2171 218.0
2172 591.0
2173 639.0
2174 821.0
2175 165.0
2176 719.0
2177 573.0
2178 937.0
2179 836.0
2180 4.0
2181 461.0
2182 920.0
2183 236.0
2184 831.0
2185 135.0
2186 924.0
2187 887.0
2188 499.0
2189 757.0
2190 217.0
2191 514.0
2192 971.0
2193 285.0
2194 607.0
2195 456.0
2196 534.0
2197 637.0
2198 129.0
2199 692.0
2200 981.0
2201 414.0
2202 387.0
2203 525.0
2204 18.0
2205 705.0
2206 198.0
2207 330.0
2208 204.0
2209 846.0
2210 416.0
2211 465.0
2212 898.0
2213 270.0
2214 106.0
2215 388.0
2216 366.0
2217 472.0
2218 595.0
2219 255.0
2220 390.0
2221 931.0
2222 216.0
2223 799.0
2224 498.0
2225 334.0
2226 9.0
2227 92.0
2228 190.0
2229 747.0
2230 20.0
2231 846.0
2232 328.0
2233 512.0
2234 291.0
2235 303.0
2236 231.0
2237 481.0
2238 120.0
2239 387.0
2240 842.0
2241 897.0
2242 683.0
2243 706.0
2244 779.0
2245 628.0
2246 618.0
2247 220.0
2248 952.0
2249 720.0
2250 795.0
2251 853.0
2252 970.0
2253 205.0
2254 47.0
2255 109.0
2256 465.0
2257 907.0
2258 303.0
2259 792.0
2260 73.0
2261 523.0
2262 222.0
2263 262.0
2264 790.0
2265 635.0
2266 108.0
2267 272.0
2268 65.0
2269 414.0
2270 641.0
2271 306.0
2272 80.0
2273 670.0
2274 696.0
2275 551.0
2276 324.0
2277 644.0
2278 313.0
2279 28.0
2280 748.0
2281 335.0
2282 718.0
2283 210.0
2284 511.0
2285 469.0
2286 136.0
2287 424.0
2288 542.0
2289 214.0
2290 17.0
2291 638.0
2292 958.0
2293 567.0
2294 221.0
2295 849.0
2296 636.0
2297 937.0
2298 647.0
2299 94.0
2300 126.0
2301 822.0
2302 773.0
2303 290.0
2304 409.0
2305 635.0
2306 588.0
2307 516.0
2308 948.0
2309 669.0
2310 412.0
2311 53.0
2312 872.0
2313 923.0
2314 211.0
2315 479.0
2316 130.0
2317 989.0
2318 76.0
2319 405.0
2320 918.0
2321 511.0
2322 707.0
2323 954.0
2324 718.0
2325 765.0
2326 865.0
2327 941.0
2328 850.0
2329 772.0
2330 6.0
2331 801.0
2332 505.0
2333 971.0
2334 470.0
2335 730.0
2336 869.0
2337 888.0
2338 934.0
2339 137.0
2340 85.0
2341 433.0
2342 56.0
2343 511.0
2344 468.0
2345 411.0
2346 612.0
2347 992.0
2348 636.0
2349 609.0
2350 742.0
2351 481.0
2352 922.0
2353 325.0
2354 347.0
2355 922.0
2356 731.0
2357 535.0
2358 34.0
2359 451.0
2360 314.0
2361 988.0
2362 527.0
2363 479.0
2364 749.0
2365 391.0
2366 864.0
2367 425.0
2368 798.0
2369 509.0
2370 269.0
2371 708.0
2372 718.0
2373 424.0
2374 97.0
2375 864.0
2376 17.0
2377 454.0
2378 820.0
2379 68.0
2380 622.0
2381 191.0
2382 646.0
2383 183.0
2384 900.0
2385 936.0
2386 973.0
2387 449.0
2388 531.0
2389 346.0
2390 564.0
2391 269.0
2392 250.0
2393 468.0
2394 2.0
2395 194.0
2396 85.0
2397 452.0
2398 751.0
2399 38.0
2400 834.0
2401 159.0
2402 855.0
2403 279.0
2404 163.0
2405 529.0
2406 147.0
2407 341.0
2408 903.0
2409 109.0
2410 630.0
2411 66.0
2412 811.0
2413 315.0
2414 549.0
2415 736.0
2416 345.0
2417 100.0
2418 577.0
2419 286.0
2420 726.0
2421 470.0
2422 420.0
2423 912.0
2424 906.0
2425 919.0
2426 124.0
2427 175.0
2428 882.0
2429 182.0
2430 325.0
2431 811.0
2432 165.0
2433 933.0
2434 695.0
2435 897.0
2436 104.0
2437 910.0
2438 881.0
2439 721.0
2440 222.0
2441 744.0
2442 311.0
2443 693.0
2444 651.0
2445 226.0
2446 326.0
2447 890.0
2448 267.0
2449 29.0
2450 242.0
2451 400.0
2452 143.0
2453 995.0
2454 119.0
2455 424.0
2456 494.0
2457 911.0
2458 193.0
2459 245.0
2460 378.0
2461 340.0
2462 166.0
2463 526.0
2464 32.0
2465 467.0
2466 802.0
2467 97.0
2468 869.0
2469 141.0
2470 576.0
2471 350.0
2472 852.0
2473 205.0
2474 434.0
2475 560.0
2476 161.0
2477 27.0
2478 69.0
2479 11.0
2480 824.0
2481 619.0
2482 539.0
2483 583.0
2484 246.0
2485 79.0
2486 404.0
2487 522.0
2488 383.0
2489 170.0
2490 70.0
2491 502.0
2492 645.0
2493 734.0
2494 470.0
2495 716.0
2496 478.0
2497 287.0
2498 715.0
2499 651.0
2500 968.0
2501 595.0
2502 919.0
2503 418.0
2504 760.0
2505 230.0
2506 949.0
2507 983.0
2508 22.0
2509 126.0
2510 453.0
2511 416.0
2512 194.0
2513 925.0
2514 166.0
2515 331.0
2516 786.0
2517 464.0
2518 162.0
2519 1000.0
2520 532.0
2521 115.0
2522 381.0
2523 247.0
2524 811.0
2525 799.0
2526 541.0
2527 129.0
2528 348.0
2529 411.0
2530 265.0
2531 555.0
2532 871.0
2533 72.0
2534 46.0
2535 484.0
2536 571.0
2537 115.0
2538 521.0
2539 44.0
2540 926.0
2541 937.0
2542 341.0
2543 960.0
2544 704.0
2545 893.0
2546 842.0
2547 954.0
2548 711.0
2549 231.0
2550 605.0
2551 375.0
2552 182.0
2553 647.0
2554 970.0
2555 169.0
2556 529.0
2557 411.0
2558 522.0
2559 439.0
2560 544.0
2561 202.0
2562 592.0
2563 276.0
2564 44.0
2565 687.0
2566 844.0
2567 249.0
2568 375.0
2569 631.0
2570 100.0
2571 895.0
2572 167.0
2573 819.0
2574 652.0
2575 875.0
2576 204.0
2577 331.0
2578 445.0
2579 947.0
2580 324.0
2581 813.0
2582 684.0
2583 789.0
2584 793.0
2585 195.0
2586 604.0
2587 772.0
2588 696.0
2589 964.0
2590 380.0
2591 205.0
2592 522.0
2593 475.0
2594 412.0
2595 244.0
2596 228.0
2597 2.0
2598 500.0
2599 582.0
2600 799.0
2601 185.0
2602 759.0
2603 312.0
2604 489.0
2605 278.0
2606 463.0
2607 854.0
2608 694.0
2609 144.0
2610 406.0
2611 610.0
2612 689.0
2613 246.0
2614 768.0
2615 157.0
2616 232.0
2617 1000.0
2618 928.0
2619 55.0
2620 426.0
2621 687.0
2622 145.0
2623 89.0
2624 45.0
2625 841.0
2626 533.0
2627 594.0
2628 973.0
2629 410.0
2630 297.0
2631 792.0
2632 313.0
2633 237.0
2634 767.0
2635 504.0
2636 178.0
2637 411.0
2638 376.0
2639 389.0
2640 201.0
2641 805.0
2642 353.0
2643 914.0
2644 287.0
2645 689.0
2646 566.0
2647 564.0
2648 214.0
2649 657.0
2650 668.0
2651 448.0
2652 265.0
2653 216.0
2654 392.0
2655 312.0
2656 182.0
2657 318.0
2658 621.0
2659 161.0
2660 420.0
2661 769.0
2662 659.0
2663 156.0
2664 795.0
2665 965.0
2666 919.0
2667 164.0
2668 408.0
2669 601.0
2670 125.0
2671 361.0
2672 901.0
2673 86.0
2674 995.0
2675 618.0
2676 926.0
2677 172.0
2678 295.0
2679 921.0
2680 988.0
2681 906.0
2682 85.0
2683 988.0
2684 663.0
2685 421.0
2686 977.0
2687 369.0
2688 564.0
2689 178.0
2690 218.0
2691 722.0
2692 333.0
2693 287.0
2694 456.0
2695 692.0
2696 350.0
2697 181.0
2698 118.0
2699 779.0
2700 837.0
2701 466.0
2702 435.0
2703 871.0
2704 499.0
2705 36.0
2706 273.0
2707 641.0
2708 896.0
2709 610.0
2710 112.0
2711 857.0
2712 275.0
2713 673.0
2714 680.0
2715 749.0
2716 696.0
2717 467.0
2718 26.0
2719 991.0
2720 878.0
2721 52.0
2722 9.0
2723 492.0
2724 380.0
2725 653.0
2726 546.0
2727 179.0
2728 365.0
2729 495.0
2730 201.0
2731 183.0
2732 449.0
2733 54.0
2734 136.0
2735 331.0
2736 856.0
2737 207.0
2738 745.0
2739 677.0
2740 379.0
2741 64.0
2742 776.0
2743 873.0
2744 460.0
2745 354.0
2746 147.0
2747 527.0
2748 31.0
2749 145.0
2750 163.0
2751 356.0
2752 623.0
2753 282.0
2754 337.0
2755 861.0
2756 669.0
2757 423.0
2758 574.0
2759 439.0
2760 830.0
2761 729.0
2762 20.0
2763 365.0
2764 651.0
2765 289.0
2766 522.0
2767 799.0
2768 859.0
2769 131.0
2770 229.0
2771 63.0
2772 102.0
2773 243.0
2774 580.0
2775 742.0
2776 26.0
2777 364.0
2778 577.0
2779 768.0
2780 149.0
2781 438.0
2782 1.0
2783 551.0
2784 108.0
2785 523.0
2786 969.0
2787 393.0
2788 526.0
2789 652.0
2790 21.0
2791 856.0
2792 895.0
2793 584.0
2794 770.0
2795 523.0
2796 616.0
2797 668.0
2798 960.0
2799 569.0
2800 553.0
2801 49.0
2802 697.0
2803 900.0
2804 248.0
2805 270.0
2806 519.0
2807 154.0
2808 246.0
2809 920.0
2810 914.0
2811 746.0
2812 815.0
2813 342.0
2814 879.0
2815 283.0
2816 706.0
2817 597.0
2818 114.0
2819 67.0
2820 528.0
2821 781.0
2822 502.0
2823 153.0
2824 689.0
2825 554.0
2826 570.0
2827 368.0
2828 878.0
2829 207.0
2830 753.0
2831 4.0
2832 512.0
2833 889.0
2834 414.0
2835 419.0
2836 611.0
2837 687.0
2838 714.0
2839 619.0
2840 120.0
2841 83.0
2842 657.0
2843 1001.0
2844 795.0
2845 941.0
2846 839.0
2847 843.0
2848 353.0
2849 592.0
2850 692.0
2851 771.0
2852 789.0
2853 767.0
2854 313.0
2855 415.0
2856 380.0
2857 92.0
2858 287.0
2859 684.0
2860 179.0
2861 637.0
2862 246.0
2863 626.0
2864 472.0
2865 491.0
2866 329.0
2867 599.0
2868 4.0
2869 713.0
2870 84.0
2871 615.0
2872 563.0
2873 51.0
2874 815.0
2875 11.0
2876 828.0
2877 726.0
2878 871.0
2879 317.0
2880 299.0
2881 222.0
2882 845.0
2883 43.0
2884 486.0
2885 469.0
2886 229.0
2887 362.0
2888 491.0
2889 23.0
2890 622.0
2891 130.0
2892 561.0
2893 850.0
2894 191.0
2895 449.0
2896 197.0
2897 86.0
2898 721.0
2899 36.0
2900 918.0
2901 754.0
2902 271.0
2903 988.0
2904 845.0
2905 694.0
2906 112.0
2907 130.0
2908 847.0
2909 165.0
2910 392.0
2911 48.0
2912 108.0
2913 419.0
2914 707.0
2915 66.0
2916 648.0
2917 281.0
2918 550.0
2919 880.0
2920 461.0
2921 212.0
2922 435.0
2923 298.0
2924 713.0
2925 596.0
2926 355.0
2927 571.0
2928 615.0
2929 27.0
2930 86.0
2931 62.0
2932 425.0
2933 164.0
2934 812.0
2935 603.0
2936 278.0
2937 348.0
2938 438.0
2939 763.0
2940 443.0
2941 526.0
2942 983.0
2943 346.0
2944 913.0
2945 195.0
2946 423.0
2947 911.0
2948 181.0
2949 18.0
2950 404.0
2951 785.0
2952 459.0
2953 474.0
2954 326.0
2955 16.0
2956 561.0
2957 430.0
2958 381.0
2959 9.0
2960 188.0
2961 759.0
2962 280.0
2963 109.0
2964 339.0
2965 250.0
2966 559.0
2967 240.0
2968 155.0
2969 853.0
2970 557.0
2971 803.0
2972 592.0
2973 949.0
2974 377.0
2975 454.0
2976 912.0
2977 740.0
2978 409.0
2979 31.0
2980 159.0
2981 44.0
2982 288.0
2983 858.0
2984 448.0
2985 748.0
2986 459.0
2987 907.0
2988 120.0
2989 907.0
2990 897.0
2991 782.0
2992 539.0
2993 52.0
2994 911.0
2995 335.0
2996 622.0
2997 533.0
2998 358.0
2999 745.0
3000 939.0
3001 845.0
3002 60.0
3003 302.0
3004 620.0
3005 765.0
3006 688.0
3007 755.0
3008 122.0
3009 773.0
3010 875.0
3011 1000.0
3012 346.0
3013 664.0
3014 874.0
3015 112.0
3016 502.0
3017 500.0
3018 650.0
3019 191.0
3020 583.0
3021 27.0
3022 880.0
3023 254.0
3024 329.0
3025 479.0
3026 982.0
3027 483.0
3028 40.0
3029 257.0
3030 963.0
3031 429.0
3032 700.0
3033 293.0
3034 566.0
3035 414.0
3036 423.0
3037 70.0
3038 905.0
3039 239.0
3040 379.0
3041 151.0
3042 588.0
3043 512.0
3044 988.0
3045 751.0
3046 48.0
3047 320.0
3048 360.0
3049 400.0
3050 689.0
3051 745.0
3052 668.0
3053 935.0
3054 261.0
3055 717.0
3056 381.0
3057 140.0
3058 778.0
3059 6.0
3060 73.0
3061 146.0
3062 220.0
3063 721.0
3064 806.0
3065 291.0
3066 180.0
3067 564.0
3068 939.0
3069 544.0
3070 620.0
3071 210.0
3072 589.0
3073 712.0
3074 890.0
3075 621.0
3076 837.0
3077 632.0
3078 214.0
3079 787.0
3080 251.0
3081 229.0
3082 921.0
3083 404.0
3084 213.0
3085 865.0
3086 789.0
3087 230.0
3088 60.0
3089 643.0
3090 14.0
3091 432.0
3092 70.0
3093 413.0
3094 478.0
3095 60.0
3096 858.0
3097 99.0
3098 195.0
3099 886.0
3100 867.0
3101 522.0
3102 16.0
3103 253.0
3104 230.0
3105 389.0
3106 963.0
3107 234.0
3108 440.0
3109 222.0
3110 840.0
3111 378.0
3112 949.0
3113 45.0
3114 76.0
3115 521.0
3116 18.0
3117 336.0
3118 142.0
3119 703.0
3120 894.0
3121 326.0
3122 221.0
3123 983.0
3124 656.0
3125 23.0
3126 272.0
3127 52.0
3128 883.0
3129 430.0
3130 49.0
3131 902.0
3132 635.0
3133 319.0
3134 104.0
3135 439.0
3136 101.0
3137 550.0
3138 350.0
3139 855.0
3140 666.0
3141 410.0
3142 256.0
3143 788.0
3144 89.0
3145 604.0
3146 348.0
3147 769.0
3148 945.0
3149 599.0
3150 284.0
3151 239.0
3152 454.0
3153 744.0
3154 390.0
3155 443.0
3156 391.0
3157 195.0
3158 240.0
3159 865.0
3160 767.0
3161 995.0
3162 523.0
3163 452.0
3164 621.0
3165 796.0
3166 205.0
3167 796.0
3168 326.0
3169 613.0
3170 715.0
3171 578.0
3172 492.0
3173 688.0
3174 700.0
3175 69.0
3176 734.0
3177 16.0
3178 722.0
3179 199.0
3180 257.0
3181 332.0
3182 78.0
3183 715.0
3184 478.0
3185 387.0
3186 866.0
3187 278.0
3188 676.0
3189 166.0
3190 296.0
3191 880.0
3192 949.0
3193 286.0
3194 202.0
3195 874.0
3196 624.0
3197 186.0
3198 689.0
3199 13.0
3200 600.0
3201 888.0
3202 863.0
3203 329.0
3204 32.0
3205 38.0
3206 621.0
3207 407.0
3208 182.0
3209 668.0
3210 557.0
3211 544.0
3212 216.0
3213 589.0
3214 145.0
3215 623.0
3216 246.0
3217 662.0
3218 483.0
3219 998.0
3220 910.0
3221 198.0
3222 57.0
3223 589.0
3224 355.0
3225 623.0
3226 175.0
3227 436.0
3228 580.0
3229 163.0
3230 957.0
3231 404.0
3232 695.0
3233 685.0
3234 11.0
3235 363.0
3236 823.0
3237 67.0
3238 220.0
3239 139.0
3240 34.0
3241 384.0
3242 411.0
3243 777.0
3244 927.0
3245 995.0
3246 977.0
3247 154.0
3248 209.0
3249 123.0
3250 964.0
3251 784.0
3252 899.0
3253 836.0
3254 511.0
3255 746.0
3256 590.0
3257 440.0
3258 989.0
3259 16.0
3260 536.0
3261 162.0
3262 679.0
3263 125.0
3264 210.0
3265 668.0
3266 294.0
3267 1001.0
3268 354.0
3269 387.0
3270 253.0
3271 34.0
3272 508.0
3273 842.0
3274 123.0
3275 915.0
3276 434.0
3277 189.0
3278 292.0
3279 540.0
3280 862.0
3281 941.0
3282 555.0
3283 351.0
3284 511.0
3285 418.0
3286 942.0
3287 767.0
3288 372.0
3289 824.0
3290 857.0
3291 32.0
3292 868.0
3293 954.0
3294 277.0
3295 627.0
3296 569.0
3297 452.0
3298 544.0
3299 628.0
3300 848.0
3301 250.0
3302 77.0
3303 817.0
3304 998.0
3305 239.0
3306 140.0
3307 74.0
3308 60.0
3309 527.0
3310 651.0
3311 635.0
3312 873.0
3313 639.0
3314 921.0
3315 64.0
3316 584.0
3317 833.0
3318 104.0
3319 377.0
3320 228.0
3321 311.0
3322 107.0
3323 627.0
3324 749.0
3325 463.0
3326 663.0
3327 375.0
3328 274.0
3329 461.0
3330 295.0
3331 936.0
3332 298.0
3333 436.0
3334 947.0
3335 938.0
3336 892.0
3337 207.0
3338 98.0
3339 775.0
3340 10.0
3341 22.0
3342 312.0
3343 753.0
3344 454.0
3345 67.0
3346 286.0
3347 312.0
3348 84.0
3349 532.0
3350 642.0
3351 511.0
3352 422.0
3353 919.0
3354 889.0
3355 91.0
3356 871.0
3357 842.0
3358 221.0
3359 809.0
3360 408.0
3361 26.0
3362 58.0
3363 414.0
3364 745.0
3365 379.0
3366 566.0
3367 604.0
3368 633.0
3369 974.0
3370 651.0
3371 503.0
3372 206.0
3373 544.0
3374 346.0
3375 760.0
3376 993.0
3377 627.0
3378 826.0
3379 122.0
3380 512.0
3381 783.0
3382 765.0
3383 462.0
3384 155.0
3385 443.0
3386 129.0
3387 551.0
3388 415.0
3389 789.0
3390 46.0
3391 551.0
3392 382.0
3393 742.0
3394 835.0
3395 94.0
3396 813.0
3397 559.0
3398 881.0
3399 46.0
3400 34.0
3401 785.0
3402 548.0
3403 508.0
3404 390.0
3405 265.0
3406 992.0
3407 403.0
3408 927.0
3409 756.0
3410 310.0
3411 29.0
3412 560.0
3413 182.0
3414 170.0
3415 283.0
3416 993.0
3417 992.0
3418 733.0
3419 895.0
3420 268.0
3421 124.0
3422 427.0
3423 873.0
3424 938.0
3425 66.0
3426 884.0
3427 543.0
3428 489.0
3429 129.0
3430 131.0
3431 50.0
3432 841.0
3433 562.0
3434 963.0
3435 863.0
3436 465.0
3437 355.0
3438 272.0
3439 906.0
3440 867.0
3441 646.0
3442 990.0
3443 192.0
3444 19.0
3445 413.0
3446 215.0
3447 434.0
3448 562.0
3449 780.0
3450 38.0
3451 957.0
3452 496.0
3453 605.0
3454 583.0
3455 405.0
3456 402.0
3457 174.0
3458 737.0
3459 107.0
3460 158.0
3461 804.0
3462 147.0
3463 726.0
3464 545.0
3465 822.0
3466 76.0
3467 767.0
3468 88.0
3469 930.0
3470 849.0
3471 797.0
3472 976.0
3473 230.0
3474 745.0
3475 767.0
3476 937.0
3477 252.0
3478 338.0
3479 683.0
3480 486.0
3481 168.0
3482 523.0
3483 945.0
3484 62.0
3485 1.0
3486 648.0
3487 101.0
3488 180.0
3489 59.0
3490 466.0
3491 402.0
3492 883.0
3493 990.0
3494 897.0
3495 536.0
3496 447.0
3497 840.0
3498 900.0
3499 108.0
3500 518.0
3501 243.0
3502 138.0
3503 4.0
3504 593.0
3505 402.0
3506 470.0
3507 519.0
3508 25.0
3509 834.0
3510 737.0
3511 254.0
3512 572.0
3513 951.0
3514 756.0
3515 121.0
3516 794.0
3517 417.0
3518 907.0
3519 443.0
3520 513.0
3521 889.0
3522 202.0
3523 60.0
3524 937.0
3525 173.0
3526 285.0
3527 566.0
3528 971.0
3529 67.0
3530 361.0
3531 258.0
3532 712.0
3533 141.0
3534 665.0
3535 185.0
3536 111.0
3537 501.0
3538 720.0
3539 693.0
3540 315.0
3541 153.0
3542 285.0
3543 228.0
3544 253.0
3545 898.0
3546 603.0
3547 736.0
3548 610.0
3549 859.0
3550 282.0
3551 913.0
3552 478.0
3553 602.0
3554 897.0
3555 721.0
3556 589.0
3557 548.0
3558 199.0
3559 54.0
3560 229.0
3561 791.0
3562 626.0
3563 138.0
3564 662.0
3565 748.0
3566 679.0
3567 319.0
3568 101.0
3569 33.0
3570 601.0
3571 133.0
3572 68.0
3573 826.0
3574 709.0
3575 191.0
3576 271.0
3577 547.0
3578 678.0
3579 206.0
3580 980.0
3581 61.0
3582 64.0
3583 697.0
3584 236.0
3585 768.0
3586 346.0
3587 275.0
3588 129.0
3589 905.0
3590 810.0
3591 160.0
3592 831.0
3593 55.0
3594 684.0
3595 519.0
3596 1000.0
3597 421.0
3598 12.0
3599 541.0
3600 692.0
3601 651.0
3602 912.0
3603 651.0
3604 928.0
3605 101.0
3606 10.0
3607 134.0
3608 621.0
3609 239.0
3610 50.0
3611 545.0
3612 655.0
3613 551.0
3614 902.0
3615 651.0
3616 535.0
3617 683.0
3618 448.0
3619 357.0
3620 158.0
3621 764.0
3622 117.0
3623 992.0
3624 952.0
3625 822.0
3626 175.0
3627 577.0
3628 834.0
3629 944.0
3630 190.0
3631 232.0
3632 190.0
3633 385.0
3634 534.0
3635 641.0
3636 334.0
3637 114.0
3638 135.0
3639 603.0
3640 736.0
3641 410.0
3642 198.0
3643 44.0
3644 628.0
3645 978.0
3646 38.0
3647 512.0
3648 462.0
3649 726.0
3650 727.0
3651 90.0
3652 117.0
3653 757.0
3654 747.0
3655 883.0
3656 644.0
3657 387.0
3658 465.0
3659 702.0
3660 850.0
3661 972.0
3662 791.0
3663 350.0
3664 961.0
3665 115.0
3666 74.0
3667 951.0
3668 172.0
3669 401.0
3670 904.0
3671 96.0
3672 927.0
3673 132.0
3674 212.0
3675 205.0
3676 359.0
3677 679.0
3678 791.0
3679 359.0
3680 442.0
3681 961.0
3682 98.0
3683 75.0
3684 66.0
3685 261.0
3686 3.0
3687 911.0
3688 399.0
3689 47.0
3690 980.0
3691 552.0
3692 650.0
3693 728.0
3694 56.0
3695 23.0
3696 552.0
3697 300.0
3698 757.0
3699 998.0
3700 688.0
3701 653.0
3702 176.0
3703 716.0
3704 72.0
3705 904.0
3706 248.0
3707 917.0
3708 244.0
3709 501.0
3710 291.0
3711 327.0
3712 489.0
3713 988.0
3714 880.0
3715 640.0
3716 721.0
3717 284.0
3718 160.0
3719 678.0
3720 963.0
3721 11.0
3722 785.0
3723 357.0
3724 351.0
3725 952.0
3726 754.0
3727 383.0
3728 70.0
3729 958.0
3730 566.0
3731 142.0
3732 639.0
3733 728.0
3734 279.0
3735 68.0
3736 551.0
3737 689.0
3738 234.0
3739 892.0
3740 332.0
3741 873.0
3742 468.0
3743 565.0
3744 709.0
3745 48.0
3746 68.0
3747 328.0
3748 736.0
3749 598.0
3750 15.0
3751 330.0
3752 400.0
3753 570.0
3754 409.0
3755 477.0
3756 430.0
3757 94.0
3758 284.0
3759 650.0
3760 806.0
3761 891.0
3762 635.0
3763 296.0
3764 705.0
3765 907.0
3766 679.0
3767 410.0
3768 439.0
3769 206.0
3770 822.0
3771 340.0
3772 299.0
3773 128.0
3774 285.0
3775 454.0
3776 48.0
3777 373.0
3778 845.0
3779 641.0
3780 232.0
3781 122.0
3782 683.0
3783 835.0
3784 404.0
3785 506.0
3786 928.0
3787 208.0
3788 814.0
3789 761.0
3790 44.0
3791 478.0
3792 114.0
3793 162.0
3794 890.0
3795 801.0
3796 145.0
3797 406.0
3798 903.0
3799 49.0
3800 941.0
3801 470.0
3802 593.0
3803 904.0
3804 664.0
3805 74.0
3806 225.0
3807 61.0
3808 297.0
3809 791.0
3810 351.0
3811 37.0
3812 581.0
3813 556.0
3814 647.0
3815 504.0
3816 865.0
3817 763.0
3818 291.0
3819 834.0
3820 232.0
3821 416.0
3822 34.0
3823 531.0
3824 532.0
3825 825.0
3826 938.0
3827 540.0
3828 703.0
3829 131.0
3830 713.0
3831 996.0
3832 84.0
3833 581.0
3834 512.0
3835 839.0
3836 261.0
3837 814.0
3838 21.0
3839 860.0
3840 338.0
3841 577.0
3842 700.0
3843 168.0
3844 438.0
3845 267.0
3846 53.0
3847 769.0
3848 679.0
3849 358.0
3850 903.0
3851 938.0
3852 804.0
3853 321.0
3854 722.0
3855 328.0
3856 163.0
3857 902.0
3858 214.0
3859 309.0
3860 765.0
3861 691.0
3862 527.0
3863 860.0
3864 650.0
3865 766.0
3866 629.0
3867 442.0
3868 957.0
3869 816.0
3870 652.0
3871 685.0
3872 649.0
3873 554.0
3874 244.0
3875 377.0
3876 25.0
3877 419.0
3878 261.0
3879 206.0
3880 815.0
3881 549.0
3882 451.0
3883 953.0
3884 886.0
3885 734.0
3886 150.0
3887 325.0
3888 298.0
3889 608.0
3890 370.0
3891 433.0
3892 771.0
3893 653.0
3894 96.0
3895 1000.0
3896 373.0
3897 666.0
3898 36.0
3899 735.0
3900 623.0
3901 241.0
3902 566.0
3903 950.0
3904 54.0
3905 450.0
3906 93.0
3907 438.0
3908 659.0
3909 360.0
3910 640.0
3911 807.0
3912 626.0
3913 248.0
3914 983.0
3915 970.0
3916 168.0
3917 356.0
3918 297.0
3919 255.0
3920 292.0
3921 832.0
3922 913.0
3923 634.0
3924 864.0
3925 52.0
3926 420.0
3927 925.0
3928 367.0
3929 879.0
3930 72.0
3931 392.0
3932 355.0
3933 506.0
3934 174.0
3935 103.0
3936 722.0
3937 495.0
3938 877.0
3939 553.0
3940 539.0
3941 253.0
3942 619.0
3943 509.0
3944 414.0
3945 685.0
3946 239.0
3947 794.0
3948 18.0
3949 27.0
3950 690.0
3951 713.0
3952 693.0
3953 861.0
3954 103.0
3955 153.0
3956 805.0
3957 153.0
3958 927.0
3959 943.0
3960 823.0
3961 748.0
3962 773.0
3963 923.0
3964 938.0
3965 109.0
3966 583.0
3967 345.0
3968 420.0
3969 280.0
3970 770.0
3971 591.0
3972 776.0
3973 963.0
3974 980.0
3975 966.0
3976 242.0
3977 327.0
3978 230.0
3979 248.0
3980 73.0
3981 673.0
3982 261.0
3983 995.0
3984 613.0
3985 361.0
3986 90.0
3987 114.0
3988 125.0
3989 454.0
3990 895.0
3991 57.0
3992 943.0
3993 404.0
3994 579.0
3995 105.0
3996 574.0
3997 702.0
3998 579.0
3999 588.0
4000 15.0
4001 853.0
4002 748.0
4003 585.0
4004 675.0
4005 189.0
4006 411.0
4007 570.0
4008 998.0
4009 39.0
4010 64.0
4011 729.0
4012 89.0
4013 502.0
4014 461.0
4015 181.0
4016 359.0
4017 603.0
4018 309.0
4019 141.0
4020 535.0
4021 949.0
4022 121.0
4023 121.0
4024 130.0
4025 51.0
4026 289.0
4027 657.0
4028 846.0
4029 410.0
4030 867.0
4031 667.0
4032 222.0
4033 76.0
4034 110.0
4035 472.0
4036 265.0
4037 847.0
4038 302.0
4039 733.0
4040 711.0
4041 502.0
4042 29.0
4043 15.0
4044 31.0
4045 447.0
4046 617.0
4047 478.0
4048 305.0
4049 940.0
4050 116.0
4051 233.0
4052 581.0
4053 635.0
4054 848.0
4055 234.0
4056 428.0
4057 511.0
4058 261.0
4059 179.0
4060 939.0
4061 403.0
4062 552.0
4063 803.0
4064 606.0
4065 225.0
4066 248.0
4067 87.0
4068 89.0
4069 704.0
4070 792.0
4071 405.0
4072 109.0
4073 875.0
4074 920.0
4075 321.0
4076 421.0
4077 869.0
4078 546.0
4079 800.0
4080 21.0
4081 536.0
4082 688.0
4083 874.0
4084 556.0
4085 272.0
4086 934.0
4087 390.0
4088 205.0
4089 12.0
4090 873.0
4091 327.0
4092 110.0
4093 715.0
4094 874.0
4095 316.0
4096 836.0
4097 844.0
4098 655.0
4099 409.0
4100 225.0
4101 265.0
4102 65.0
4103 851.0
4104 438.0
4105 714.0
4106 620.0
4107 601.0
4108 932.0
4109 497.0
4110 413.0
4111 611.0
4112 647.0
4113 340.0
4114 156.0
4115 409.0
4116 651.0
4117 390.0
4118 281.0
4119 381.0
4120 100.0
4121 226.0
4122 218.0
4123 243.0
4124 408.0
4125 320.0
4126 200.0
4127 584.0
4128 179.0
4129 848.0
4130 201.0
4131 50.0
4132 580.0
4133 901.0
4134 905.0
4135 675.0
4136 523.0
4137 132.0
4138 925.0
4139 108.0
4140 232.0
4141 628.0
4142 839.0
4143 7.0
4144 519.0
4145 318.0
4146 2.0
4147 654.0
4148 365.0
4149 551.0
4150 500.0
4151 943.0
4152 202.0
4153 564.0
4154 67.0
4155 241.0
4156 643.0
4157 450.0
4158 251.0
4159 256.0
4160 259.0
4161 874.0
4162 640.0
4163 1000.0
4164 412.0
4165 240.0
4166 485.0
4167 94.0
4168 81.0
4169 220.0
4170 628.0
4171 197.0
4172 78.0
4173 572.0
4174 269.0
4175 56.0
4176 48.0
4177 931.0
4178 701.0
4179 770.0
4180 164.0
4181 853.0
4182 840.0
4183 156.0
4184 496.0
4185 710.0
4186 66.0
4187 733.0
4188 607.0
4189 165.0
4190 592.0
4191 717.0
4192 54.0
4193 883.0
4194 387.0
4195 620.0
4196 119.0
4197 793.0
4198 421.0
4199 465.0
4200 285.0
4201 707.0
4202 845.0
4203 382.0
4204 663.0
4205 346.0
4206 573.0
4207 385.0
4208 840.0
4209 855.0
4210 606.0
4211 381.0
4212 385.0
4213 694.0
4214 358.0
4215 95.0
4216 548.0
4217 418.0
4218 195.0
4219 410.0
4220 543.0
4221 180.0
4222 367.0
4223 793.0
4224 146.0
4225 16.0
4226 525.0
4227 888.0
4228 268.0
4229 844.0
4230 67.0
4231 54.0
4232 579.0
4233 876.0
4234 595.0
4235 641.0
4236 209.0
4237 627.0
4238 914.0
4239 15.0
4240 79.0
4241 968.0
4242 100.0
4243 939.0
4244 396.0
4245 777.0
4246 343.0
4247 726.0
4248 444.0
4249 544.0
4250 471.0
4251 676.0
4252 863.0
4253 929.0
4254 283.0
4255 721.0
4256 223.0
4257 693.0
4258 79.0
4259 885.0
4260 878.0
4261 580.0
4262 64.0
4263 67.0
4264 738.0
4265 733.0
4266 629.0
4267 973.0
4268 813.0
4269 940.0
4270 853.0
4271 448.0
4272 147.0
4273 571.0
4274 978.0
4275 343.0
4276 1001.0
4277 370.0
4278 987.0
4279 60.0
4280 979.0
4281 344.0
4282 899.0
4283 324.0
4284 121.0
4285 892.0
4286 847.0
4287 356.0
4288 832.0
4289 966.0
4290 527.0
4291 546.0
4292 954.0
4293 478.0
4294 138.0
4295 919.0
4296 185.0
4297 417.0
4298 509.0
4299 199.0
4300 540.0
4301 110.0
4302 712.0
4303 7.0
4304 504.0
4305 870.0
4306 93.0
4307 811.0
4308 98.0
4309 815.0
4310 310.0
4311 549.0
4312 94.0
4313 7.0
4314 680.0
4315 471.0
4316 231.0
4317 163.0
4318 850.0
4319 633.0
4320 378.0
4321 124.0
4322 571.0
4323 649.0
4324 264.0
4325 936.0
4326 147.0
4327 761.0
4328 554.0
4329 867.0
4330 939.0
4331 25.0
4332 769.0
4333 957.0
4334 186.0
4335 419.0
4336 812.0
4337 699.0
4338 250.0
4339 993.0
4340 588.0
4341 287.0
4342 333.0
4343 737.0
4344 567.0
4345 451.0
4346 663.0
4347 737.0
4348 935.0
4349 272.0
4350 102.0
4351 281.0
4352 374.0
4353 544.0
4354 151.0
4355 59.0
4356 380.0
4357 157.0
4358 377.0
4359 255.0
4360 499.0
4361 737.0
4362 340.0
4363 342.0
4364 788.0
4365 240.0
4366 198.0
4367 655.0
4368 312.0
4369 501.0
4370 340.0
4371 340.0
4372 530.0
4373 802.0
4374 497.0
4375 159.0
4376 948.0
4377 359.0
4378 51.0
4379 674.0
4380 527.0
4381 259.0
4382 419.0
4383 783.0
4384 943.0
4385 791.0
4386 711.0
4387 220.0
4388 950.0
4389 284.0
4390 97.0
4391 594.0
4392 766.0
4393 562.0
4394 682.0
4395 784.0
4396 637.0
4397 857.0
4398 15.0
4399 13.0
4400 447.0
4401 555.0
4402 740.0
4403 726.0
4404 547.0
4405 477.0
4406 343.0
4407 488.0
4408 752.0
4409 470.0
4410 352.0
4411 447.0
4412 818.0
4413 991.0
4414 858.0
4415 589.0
4416 571.0
4417 976.0
4418 719.0
4419 902.0
4420 238.0
4421 784.0
4422 346.0
4423 785.0
4424 497.0
4425 172.0
4426 565.0
4427 534.0
4428 204.0
4429 288.0
4430 605.0
4431 460.0
4432 745.0
4433 453.0
4434 950.0
4435 313.0
4436 489.0
4437 36.0
4438 427.0
4439 941.0
4440 893.0
4441 121.0
4442 587.0
4443 770.0
4444 360.0
4445 735.0
4446 202.0
4447 579.0
4448 105.0
4449 353.0
4450 430.0
4451 187.0
4452 902.0
4453 82.0
4454 992.0
4455 165.0
4456 800.0
4457 357.0
4458 543.0
4459 376.0
4460 572.0
4461 294.0
4462 247.0
4463 216.0
4464 935.0
4465 825.0
4466 486.0
4467 670.0
4468 332.0
4469 573.0
4470 499.0
4471 920.0
4472 375.0
4473 34.0
4474 739.0
4475 78.0
4476 913.0
4477 980.0
4478 692.0
4479 771.0
4480 6.0
4481 176.0
4482 905.0
4483 722.0
4484 30.0
4485 441.0
4486 22.0
4487 177.0
4488 560.0
4489 781.0
4490 706.0
4491 5.0
4492 607.0
4493 861.0
4494 396.0
4495 590.0
4496 333.0
4497 323.0
4498 19.0
4499 140.0
4500 342.0
4501 559.0
4502 920.0
4503 918.0
4504 231.0
4505 359.0
4506 463.0
4507 964.0
4508 165.0
4509 509.0
4510 21.0
4511 287.0
4512 847.0
4513 799.0
4514 276.0
4515 203.0
4516 418.0
4517 102.0
4518 92.0
4519 400.0
4520 504.0
4521 151.0
4522 510.0
4523 584.0
4524 812.0
4525 396.0
4526 786.0
4527 69.0
4528 461.0
4529 841.0
4530 772.0
4531 459.0
4532 480.0
4533 97.0
4534 341.0
4535 666.0
4536 709.0
4537 960.0
4538 36.0
4539 857.0
4540 702.0
4541 718.0
4542 559.0
4543 564.0
4544 67.0
4545 28.0
4546 264.0
4547 124.0
4548 105.0
4549 662.0
4550 327.0
4551 817.0
4552 512.0
4553 627.0
4554 854.0
4555 542.0
4556 412.0
4557 177.0
4558 798.0
4559 654.0
4560 926.0
4561 999.0
4562 155.0
4563 625.0
4564 58.0
4565 437.0
4566 622.0
4567 531.0
4568 712.0
4569 961.0
4570 561.0
4571 956.0
4572 228.0
4573 189.0
4574 846.0
4575 813.0
4576 974.0
4577 726.0
4578 945.0
4579 765.0
4580 153.0
4581 711.0
4582 365.0
4583 342.0
4584 183.0
4585 490.0
4586 412.0
4587 639.0
4588 708.0
4589 46.0
4590 64.0
4591 447.0
4592 544.0
4593 866.0
4594 662.0
4595 16.0
4596 648.0
4597 733.0
4598 7.0
4599 168.0
4600 488.0
4601 529.0
4602 426.0
4603 404.0
4604 36.0
4605 510.0
4606 323.0
4607 737.0
4608 989.0
4609 664.0
4610 764.0
4611 443.0
4612 682.0
4613 717.0
4614 660.0
4615 596.0
4616 646.0
4617 58.0
4618 208.0
4619 262.0
4620 663.0
4621 356.0
4622 332.0
4623 489.0
4624 719.0
4625 939.0
4626 11.0
4627 757.0
4628 238.0
4629 47.0
4630 544.0
4631 418.0
4632 564.0
4633 921.0
4634 1001.0
4635 725.0
4636 725.0
4637 348.0
4638 322.0
4639 486.0
4640 152.0
4641 623.0
4642 808.0
4643 997.0
4644 151.0
4645 156.0
4646 25.0
4647 926.0
4648 625.0
4649 846.0
4650 449.0
4651 991.0
4652 754.0
4653 166.0
4654 573.0
4655 844.0
4656 67.0
4657 373.0
4658 533.0
4659 339.0
4660 641.0
4661 614.0
4662 760.0
4663 456.0
4664 940.0
4665 769.0
4666 597.0
4667 504.0
4668 171.0
4669 767.0
4670 294.0
4671 872.0
4672 874.0
4673 749.0
4674 317.0
4675 536.0
4676 889.0
4677 897.0
4678 431.0
4679 687.0
4680 754.0
4681 988.0
4682 600.0
4683 396.0
4684 63.0
4685 691.0
4686 343.0
4687 938.0
4688 291.0
4689 454.0
4690 817.0
4691 486.0
4692 147.0
4693 349.0
4694 583.0
4695 195.0
4696 523.0
4697 622.0
4698 668.0
4699 311.0
4700 747.0
4701 806.0
4702 301.0
4703 833.0
4704 934.0
4705 151.0
4706 450.0
4707 430.0
4708 879.0
4709 838.0
4710 57.0
4711 761.0
4712 138.0
4713 896.0
4714 719.0
4715 98.0
4716 621.0
4717 995.0
4718 393.0
4719 147.0
4720 310.0
4721 330.0
4722 601.0
4723 275.0
4724 440.0
4725 602.0
4726 518.0
4727 931.0
4728 818.0
4729 735.0
4730 267.0
4731 893.0
4732 793.0
4733 291.0
4734 750.0
4735 142.0
4736 732.0
4737 758.0
4738 308.0
4739 554.0
4740 790.0
4741 788.0
4742 586.0
4743 332.0
4744 165.0
4745 179.0
4746 29.0
4747 72.0
4748 6.0
4749 938.0
4750 530.0
4751 632.0
4752 632.0
4753 986.0
4754 913.0
4755 504.0
4756 745.0
4757 175.0
4758 63.0
4759 242.0
4760 867.0
4761 112.0
4762 749.0
4763 593.0
4764 335.0
4765 913.0
4766 376.0
4767 369.0
4768 791.0
4769 422.0
4770 193.0
4771 783.0
4772 257.0
4773 600.0
4774 753.0
4775 912.0
4776 575.0
4777 807.0
4778 753.0
4779 204.0
4780 184.0
4781 373.0
4782 727.0
4783 427.0
4784 980.0
4785 475.0
4786 460.0
4787 308.0
4788 240.0
4789 570.0
4790 389.0
4791 143.0
4792 433.0
4793 791.0
4794 723.0
4795 40.0
4796 55.0
4797 550.0
4798 479.0
4799 94.0
4800 506.0
4801 264.0
4802 131.0
4803 730.0
4804 417.0
4805 558.0
4806 144.0
4807 616.0
4808 768.0
4809 523.0
4810 191.0
4811 95.0
4812 608.0
4813 591.0
4814 483.0
4815 773.0
4816 172.0
4817 391.0
4818 275.0
4819 29.0
4820 716.0
4821 506.0
4822 258.0
4823 479.0
4824 444.0
4825 389.0
4826 261.0
4827 73.0
4828 510.0
4829 832.0
4830 408.0
4831 370.0
4832 147.0
4833 284.0
4834 633.0
4835 744.0
4836 689.0
4837 6.0
4838 242.0
4839 684.0
4840 372.0
4841 514.0
4842 48.0
4843 118.0
4844 559.0
4845 19.0
4846 433.0
4847 709.0
4848 243.0
4849 602.0
4850 605.0
4851 333.0
4852 477.0
4853 678.0
4854 199.0
4855 578.0
4856 680.0
4857 890.0
4858 346.0
4859 926.0
4860 604.0
4861 968.0
4862 300.0
4863 432.0
4864 107.0
4865 211.0
4866 717.0
4867 154.0
4868 803.0
4869 237.0
4870 726.0
4871 255.0
4872 51.0
4873 321.0
4874 13.0
4875 726.0
4876 741.0
4877 166.0
4878 209.0
4879 910.0
4880 820.0
4881 222.0
4882 53.0
4883 582.0
4884 504.0
4885 758.0
4886 929.0
4887 150.0
4888 708.0
4889 684.0
4890 582.0
4891 655.0
4892 304.0
4893 814.0
4894 60.0
4895 660.0
4896 406.0
4897 602.0
4898 169.0
4899 756.0
4900 91.0
4901 621.0
4902 19.0
4903 396.0
4904 574.0
4905 6.0
4906 591.0
4907 1.0
4908 129.0
4909 816.0
4910 549.0
4911 766.0
4912 753.0
4913 842.0
4914 969.0
4915 446.0
4916 858.0
4917 662.0
4918 25.0
4919 435.0
4920 76.0
4921 858.0
4922 144.0
4923 825.0
4924 614.0
4925 198.0
4926 602.0
4927 794.0
4928 442.0
4929 201.0
4930 64.0
4931 561.0
4932 10.0
4933 996.0
4934 86.0
4935 373.0
4936 125.0
4937 566.0
4938 181.0
4939 467.0
4940 59.0
4941 481.0
4942 662.0
4943 727.0
4944 987.0
4945 7.0
4946 95.0
4947 775.0
4948 340.0
4949 55.0
4950 852.0
4951 603.0
4952 745.0
4953 737.0
4954 984.0
4955 431.0
4956 791.0
4957 486.0
4958 328.0
4959 390.0
4960 987.0
4961 536.0
4962 533.0
4963 789.0
4964 930.0
4965 294.0
4966 480.0
4967 172.0
4968 868.0
4969 601.0
4970 400.0
4971 141.0
4972 577.0
4973 90.0
4974 832.0
4975 888.0
4976 687.0
4977 943.0
4978 452.0
4979 717.0
4980 396.0
4981 110.0
4982 727.0
4983 405.0
4984 785.0
4985 672.0
4986 285.0
4987 87.0
4988 818.0
4989 409.0
4990 871.0
4991 538.0
4992 447.0
4993 774.0
4994 774.0
4995 108.0
4996 163.0
4997 432.0
4998 642.0
4999 283.0
5000 761.0
5001 224.0
5002 672.0
5003 841.0
5004 32.0
5005 940.0
5006 282.0
5007 821.0
5008 621.0
5009 534.0
5010 485.0
5011 86.0
5012 276.0
5013 518.0
5014 351.0
5015 72.0
5016 307.0
5017 82.0
5018 163.0
5019 454.0
5020 120.0
5021 129.0
5022 72.0
5023 819.0
5024 353.0
5025 824.0
5026 325.0
5027 130.0
5028 248.0
5029 438.0
5030 448.0
5031 714.0
5032 617.0
5033 231.0
5034 47.0
5035 739.0
5036 920.0
5037 890.0
5038 284.0
5039 671.0
5040 775.0
5041 550.0
5042 453.0
5043 978.0
5044 440.0
5045 746.0
5046 476.0
5047 461.0
5048 655.0
5049 742.0
5050 626.0
5051 920.0
5052 538.0
5053 563.0
5054 222.0
5055 521.0
5056 119.0
5057 689.0
5058 577.0
5059 155.0
5060 480.0
5061 844.0
5062 9.0
5063 272.0
5064 419.0
5065 513.0
5066 287.0
5067 171.0
5068 979.0
5069 810.0
5070 518.0
5071 483.0
5072 238.0
5073 127.0
5074 70.0
5075 642.0
5076 215.0
5077 544.0
5078 830.0
5079 459.0
5080 844.0
5081 327.0
5082 772.0
5083 529.0
5084 545.0
5085 957.0
5086 545.0
5087 96.0
5088 41.0
5089 66.0
5090 542.0
5091 160.0
5092 697.0
5093 312.0
5094 712.0
5095 86.0
5096 884.0
5097 724.0
5098 192.0
5099 688.0
5100 535.0
5101 274.0
5102 684.0
5103 796.0
5104 327.0
5105 489.0
5106 399.0
5107 597.0
5108 705.0
5109 708.0
5110 289.0
5111 629.0
5112 246.0
5113 195.0
5114 247.0
5115 167.0
5116 718.0
5117 700.0
5118 932.0
5119 879.0
5120 546.0
5121 203.0
5122 868.0
5123 48.0
5124 305.0
5125 521.0
5126 527.0
5127 380.0
5128 278.0
5129 190.0
5130 181.0
5131 365.0
5132 96.0
5133 507.0
5134 363.0
5135 478.0
5136 956.0
5137 933.0
5138 992.0
5139 1001.0
5140 942.0
5141 85.0
5142 300.0
5143 112.0
5144 532.0
5145 435.0
5146 949.0
5147 986.0
5148 455.0
5149 404.0
5150 929.0
5151 41.0
5152 697.0
5153 999.0
5154 107.0
5155 136.0
5156 568.0
5157 301.0
5158 550.0
5159 497.0
5160 473.0
5161 81.0
5162 117.0
5163 354.0
5164 195.0
5165 584.0
5166 123.0
5167 811.0
5168 271.0
5169 48.0
5170 281.0
5171 267.0
5172 302.0
5173 834.0
5174 556.0
5175 775.0
5176 859.0
5177 152.0
5178 979.0
5179 92.0
5180 950.0
5181 217.0
5182 970.0
5183 810.0
5184 939.0
5185 356.0
5186 232.0
5187 901.0
5188 135.0
5189 17.0
5190 799.0
5191 179.0
5192 269.0
5193 824.0
5194 393.0
5195 693.0
5196 489.0
5197 873.0
5198 884.0
5199 830.0
5200 520.0
5201 199.0
5202 220.0
5203 934.0
5204 156.0
5205 933.0
5206 916.0
5207 612.0
5208 308.0
5209 9.0
5210 850.0
5211 467.0
5212 407.0
5213 400.0
5214 862.0
5215 925.0
5216 104.0
5217 785.0
5218 404.0
5219 972.0
5220 825.0
5221 200.0
5222 265.0
5223 82.0
5224 952.0
5225 764.0
5226 254.0
5227 359.0
5228 99.0
5229 733.0
5230 528.0
5231 909.0
5232 180.0
5233 254.0
5234 180.0
5235 782.0
5236 776.0
5237 939.0
5238 578.0
5239 388.0
5240 572.0
5241 14.0
5242 936.0
5243 158.0
5244 514.0
5245 148.0
5246 526.0
5247 355.0
5248 662.0
5249 252.0
5250 985.0
5251 373.0
5252 657.0
5253 436.0
5254 212.0
5255 559.0
5256 108.0
5257 85.0
5258 381.0
5259 574.0
5260 206.0
5261 460.0
5262 757.0
5263 600.0
5264 337.0
5265 557.0
5266 83.0
5267 204.0
5268 499.0
5269 997.0
5270 504.0
5271 547.0
5272 899.0
5273 565.0
5274 182.0
5275 702.0
5276 158.0
5277 657.0
5278 972.0
5279 255.0
5280 217.0
5281 287.0
5282 809.0
5283 20.0
5284 133.0
5285 493.0
5286 717.0
5287 679.0
5288 687.0
5289 970.0
5290 717.0
5291 361.0
5292 899.0
5293 482.0
5294 203.0
5295 716.0
5296 305.0
5297 161.0
5298 801.0
5299 820.0
5300 128.0
5301 98.0
5302 90.0
5303 355.0
5304 271.0
5305 737.0
5306 50.0
5307 811.0
5308 401.0
5309 450.0
5310 546.0
5311 180.0
5312 265.0
5313 335.0
5314 695.0
5315 456.0
5316 773.0
5317 712.0
5318 477.0
5319 505.0
5320 320.0
5321 21.0
5322 548.0
5323 351.0
5324 266.0
5325 809.0
5326 792.0
5327 670.0
5328 508.0
5329 301.0
5330 795.0
5331 350.0
5332 592.0
5333 587.0
5334 93.0
5335 300.0
5336 854.0
5337 822.0
5338 731.0
5339 297.0
5340 694.0
5341 945.0
5342 406.0
5343 550.0
5344 189.0
5345 355.0
5346 217.0
5347 853.0
5348 893.0
5349 634.0
5350 850.0
5351 615.0
5352 877.0
5353 918.0
5354 833.0
5355 835.0
5356 739.0
5357 724.0
5358 351.0
5359 63.0
5360 604.0
5361 125.0
5362 5.0
5363 725.0
5364 853.0
5365 926.0
5366 798.0
5367 746.0
5368 677.0
5369 119.0
5370 595.0
5371 258.0
5372 350.0
5373 278.0
5374 263.0
5375 356.0
5376 513.0
5377 677.0
5378 718.0
5379 249.0
5380 639.0
5381 890.0
5382 157.0
5383 881.0
5384 281.0
5385 339.0
5386 779.0
5387 75.0
5388 692.0
5389 734.0
5390 470.0
5391 520.0
5392 859.0
5393 671.0
5394 994.0
5395 465.0
5396 63.0
5397 696.0
5398 448.0
5399 826.0
5400 575.0
5401 978.0
5402 897.0
5403 507.0
5404 262.0
5405 376.0
5406 362.0
5407 127.0
5408 405.0
5409 102.0
5410 579.0
5411 44.0
5412 270.0
5413 330.0
5414 227.0
5415 487.0
5416 578.0
5417 125.0
5418 674.0
5419 855.0
5420 280.0
5421 763.0
5422 610.0
5423 776.0
5424 777.0
5425 91.0
5426 338.0
5427 286.0
5428 969.0
5429 863.0
5430 910.0
5431 597.0
5432 379.0
5433 81.0
5434 727.0
5435 251.0
5436 874.0
5437 273.0
5438 724.0
5439 139.0
5440 421.0
5441 255.0
5442 732.0
5443 744.0
5444 689.0
5445 409.0
5446 197.0
5447 210.0
5448 240.0
5449 691.0
5450 966.0
5451 288.0
5452 541.0
5453 600.0
5454 469.0
5455 14.0
5456 970.0
5457 134.0
5458 269.0
5459 980.0
5460 576.0
5461 279.0
5462 601.0
5463 436.0
5464 349.0
5465 993.0
5466 221.0
5467 25.0
5468 401.0
5469 687.0
5470 623.0
5471 879.0
5472 515.0
5473 189.0
5474 430.0
5475 950.0
5476 225.0
5477 820.0
5478 560.0
5479 939.0
5480 740.0
5481 693.0
5482 589.0
5483 874.0
5484 734.0
5485 597.0
5486 584.0
5487 452.0
5488 292.0
5489 868.0
5490 564.0
5491 521.0
5492 47.0
5493 450.0
5494 662.0
5495 688.0
5496 868.0
5497 944.0
5498 8.0
5499 868.0
5500 298.0
5501 837.0
5502 327.0
5503 754.0
5504 281.0
5505 235.0
5506 261.0
5507 606.0
5508 668.0
5509 380.0
5510 459.0
5511 455.0
5512 355.0
5513 947.0
5514 545.0
5515 802.0
5516 937.0
5517 610.0
5518 200.0
5519 178.0
5520 208.0
5521 664.0
5522 691.0
5523 443.0
5524 867.0
5525 535.0
5526 379.0
5527 573.0
5528 378.0
5529 871.0
5530 919.0
5531 759.0
5532 977.0
5533 517.0
5534 82.0
5535 57.0
5536 462.0
5537 106.0
5538 419.0
5539 490.0
5540 547.0
5541 159.0
5542 241.0
5543 449.0
5544 236.0
5545 586.0
5546 733.0
5547 508.0
5548 894.0
5549 199.0
5550 374.0
5551 242.0
5552 423.0
5553 416.0
5554 196.0
5555 454.0
5556 244.0
5557 614.0
5558 857.0
5559 326.0
5560 566.0
5561 711.0
5562 940.0
5563 292.0
5564 782.0
5565 417.0
5566 348.0
5567 176.0
5568 695.0
5569 250.0
5570 214.0
5571 955.0
5572 667.0
5573 870.0
5574 248.0
5575 801.0
5576 721.0
5577 484.0
5578 25.0
5579 481.0
5580 102.0
5581 76.0
5582 337.0
5583 984.0
5584 758.0
5585 25.0
5586 346.0
5587 304.0
5588 773.0
5589 189.0
5590 941.0
5591 601.0
5592 809.0
5593 939.0
5594 413.0
5595 613.0
5596 207.0
5597 693.0
5598 281.0
5599 55.0
5600 516.0
5601 451.0
5602 845.0
5603 927.0
5604 885.0
5605 497.0
5606 873.0
5607 104.0
5608 895.0
5609 913.0
5610 599.0
5611 315.0
5612 165.0
5613 798.0
5614 107.0
5615 632.0
5616 274.0
5617 123.0
5618 24.0
5619 904.0
5620 335.0
5621 948.0
5622 390.0
5623 123.0
5624 857.0
5625 355.0
5626 497.0
5627 595.0
5628 362.0
5629 788.0
5630 473.0
5631 909.0
5632 608.0
5633 684.0
5634 411.0
5635 144.0
5636 149.0
5637 182.0
5638 848.0
5639 437.0
5640 407.0
5641 463.0
5642 517.0
5643 20.0
5644 384.0
5645 713.0
5646 346.0
5647 128.0
5648 653.0
5649 51.0
5650 866.0
5651 692.0
5652 263.0
5653 772.0
5654 302.0
5655 582.0
5656 771.0
5657 130.0
5658 863.0
5659 271.0
5660 697.0
5661 507.0
5662 935.0
5663 183.0
5664 303.0
5665 214.0
5666 182.0
5667 652.0
5668 777.0
5669 360.0
5670 802.0
5671 389.0
5672 530.0
5673 207.0
5674 551.0
5675 574.0
5676 600.0
5677 160.0
5678 471.0
5679 224.0
5680 817.0
5681 89.0
5682 653.0
5683 256.0
5684 742.0
5685 993.0
5686 783.0
5687 784.0
5688 118.0
5689 90.0
5690 655.0
5691 516.0
5692 970.0
5693 332.0
5694 332.0
5695 768.0
5696 335.0
5697 952.0
5698 115.0
5699 546.0
5700 987.0
5701 138.0
5702 51.0
5703 335.0
5704 480.0
5705 113.0
5706 268.0
5707 731.0
5708 292.0
5709 910.0
5710 17.0
5711 813.0
5712 809.0
5713 929.0
5714 957.0
5715 197.0
5716 471.0
5717 903.0
5718 871.0
5719 54.0
5720 400.0
5721 263.0
5722 693.0
5723 975.0
5724 469.0
5725 1000.0
5726 469.0
5727 457.0
5728 838.0
5729 56.0
5730 616.0
5731 963.0
5732 682.0
5733 935.0
5734 649.0
5735 959.0
5736 973.0
5737 712.0
5738 354.0
5739 73.0
5740 922.0
5741 868.0
5742 244.0
5743 519.0
5744 918.0
5745 406.0
5746 28.0
5747 251.0
5748 566.0
5749 516.0
5750 713.0
5751 882.0
5752 751.0
5753 661.0
5754 925.0
5755 247.0
5756 476.0
5757 319.0
5758 27.0
5759 663.0
5760 598.0
5761 782.0
5762 565.0
5763 328.0
5764 485.0
5765 358.0
5766 688.0
5767 32.0
5768 42.0
5769 9.0
5770 194.0
5771 321.0
5772 527.0
5773 15.0
5774 999.0
5775 531.0
5776 52.0
5777 476.0
5778 938.0
5779 654.0
5780 723.0
5781 572.0
5782 979.0
5783 821.0
5784 872.0
5785 327.0
5786 132.0
5787 310.0
5788 994.0
5789 242.0
5790 546.0
5791 375.0
5792 555.0
5793 591.0
5794 574.0
5795 845.0
5796 14.0
5797 345.0
5798 840.0
5799 430.0
5800 102.0
5801 656.0
5802 703.0
5803 884.0
5804 565.0
5805 607.0
5806 825.0
5807 694.0
5808 370.0
5809 440.0
5810 969.0
5811 763.0
5812 619.0
5813 798.0
5814 546.0
5815 640.0
5816 216.0
5817 620.0
5818 882.0
5819 209.0
5820 712.0
5821 188.0
5822 664.0
5823 376.0
5824 552.0
5825 497.0
5826 508.0
5827 240.0
5828 421.0
5829 541.0
5830 161.0
5831 413.0
5832 259.0
5833 356.0
5834 405.0
5835 672.0
5836 10.0
5837 619.0
5838 325.0
5839 843.0
5840 152.0
5841 425.0
5842 261.0
5843 922.0
5844 573.0
5845 417.0
5846 410.0
5847 724.0
5848 435.0
5849 759.0
5850 736.0
5851 981.0
5852 225.0
5853 614.0
5854 599.0
5855 700.0
5856 338.0
5857 669.0
5858 252.0
5859 754.0
5860 169.0
5861 937.0
5862 136.0
5863 151.0
5864 877.0
5865 539.0
5866 759.0
5867 147.0
5868 698.0
5869 442.0
5870 767.0
5871 390.0
5872 927.0
5873 111.0
5874 699.0
5875 581.0
5876 454.0
5877 907.0
5878 867.0
5879 718.0
5880 60.0
5881 609.0
5882 697.0
5883 838.0
5884 506.0
5885 832.0
5886 886.0
5887 347.0
5888 819.0
5889 291.0
5890 727.0
5891 389.0
5892 69.0
5893 749.0
5894 976.0
5895 491.0
5896 390.0
5897 269.0
5898 743.0
5899 627.0
5900 918.0
5901 831.0
5902 948.0
5903 161.0
5904 851.0
5905 705.0
5906 54.0
5907 665.0
5908 833.0
5909 9.0
5910 933.0
5911 431.0
5912 443.0
5913 725.0
5914 922.0
5915 598.0
5916 624.0
5917 88.0
5918 363.0
5919 241.0
5920 555.0
5921 655.0
5922 153.0
5923 397.0
5924 558.0
5925 558.0
5926 167.0
5927 992.0
5928 367.0
5929 413.0
5930 677.0
5931 849.0
5932 261.0
5933 99.0
5934 305.0
5935 484.0
5936 330.0
5937 174.0
5938 378.0
5939 191.0
5940 398.0
5941 986.0
5942 14.0
5943 985.0
5944 946.0
5945 641.0
5946 669.0
5947 363.0
5948 714.0
5949 875.0
5950 402.0
5951 448.0
5952 518.0
5953 519.0
5954 573.0
5955 26.0
5956 235.0
5957 687.0
5958 269.0
5959 188.0
5960 823.0
5961 54.0
5962 309.0
5963 766.0
5964 711.0
5965 565.0
5966 272.0
5967 527.0
5968 898.0
5969 720.0
5970 644.0
5971 136.0
5972 603.0
5973 132.0
5974 833.0
5975 213.0
5976 380.0
5977 406.0
5978 504.0
5979 454.0
5980 196.0
5981 510.0
5982 403.0
5983 634.0
5984 85.0
5985 709.0
5986 612.0
5987 513.0
5988 640.0
5989 839.0
5990 961.0
5991 123.0
5992 784.0
5993 158.0
5994 137.0
5995 609.0
5996 993.0
5997 249.0
5998 892.0
5999 881.0
6000 342.0
6001 504.0
6002 635.0
6003 555.0
6004 582.0
6005 530.0
6006 602.0
6007 308.0
6008 690.0
6009 382.0
6010 756.0
6011 588.0
6012 248.0
6013 954.0
6014 520.0
6015 774.0
6016 298.0
6017 970.0
6018 499.0
6019 325.0
6020 288.0
6021 981.0
6022 343.0
6023 116.0
6024 102.0
6025 489.0
6026 995.0
6027 190.0
6028 165.0
6029 819.0
6030 679.0
6031 400.0
6032 79.0
6033 632.0
6034 90.0
6035 953.0
6036 302.0
6037 63.0
6038 444.0
6039 727.0
6040 898.0
6041 275.0
6042 218.0
6043 309.0
6044 520.0
6045 881.0
6046 651.0
6047 122.0
6048 354.0
6049 71.0
6050 331.0
6051 655.0
6052 950.0
6053 475.0
6054 478.0
6055 793.0
6056 515.0
6057 772.0
6058 877.0
6059 458.0
6060 465.0
6061 787.0
6062 726.0
6063 286.0
6064 780.0
6065 373.0
6066 94.0
6067 896.0
6068 972.0
6069 670.0
6070 64.0
6071 331.0
6072 288.0
6073 431.0
6074 105.0
6075 673.0
6076 111.0
6077 2.0
6078 675.0
6079 416.0
6080 367.0
6081 154.0
6082 589.0
6083 163.0
6084 188.0
6085 465.0
6086 196.0
6087 359.0
6088 962.0
6089 109.0
6090 18.0
6091 303.0
6092 404.0
6093 956.0
6094 67.0
6095 429.0
6096 248.0
6097 644.0
6098 718.0
6099 885.0
6100 700.0
6101 856.0
6102 676.0
6103 796.0
6104 847.0
6105 377.0
6106 255.0
6107 171.0
6108 781.0
6109 635.0
6110 933.0
6111 342.0
6112 361.0
6113 341.0
6114 908.0
6115 970.0
6116 133.0
6117 508.0
6118 138.0
6119 117.0
6120 148.0
6121 645.0
6122 224.0
6123 616.0
6124 112.0
6125 115.0
6126 284.0
6127 990.0
6128 542.0
6129 733.0
6130 912.0
6131 474.0
6132 401.0
6133 452.0
6134 173.0
6135 254.0
6136 950.0
6137 604.0
6138 585.0
6139 916.0
6140 427.0
6141 528.0
6142 967.0
6143 246.0
6144 525.0
6145 581.0
6146 89.0
6147 902.0
6148 522.0
6149 459.0
6150 54.0
6151 253.0
6152 357.0
6153 481.0
6154 447.0
6155 590.0
6156 930.0
6157 985.0
6158 374.0
6159 241.0
6160 356.0
6161 277.0
6162 647.0
6163 634.0
6164 952.0
6165 621.0
6166 552.0
6167 194.0
6168 302.0
6169 614.0
6170 793.0
6171 73.0
6172 798.0
6173 926.0
6174 501.0
6175 97.0
6176 714.0
6177 759.0
6178 370.0
6179 982.0
6180 974.0
6181 606.0
6182 354.0
6183 851.0
6184 511.0
6185 842.0
6186 622.0
6187 280.0
6188 261.0
6189 419.0
6190 851.0
6191 651.0
6192 642.0
6193 495.0
6194 306.0
6195 374.0
6196 602.0
6197 120.0
6198 582.0
6199 615.0
6200 126.0
6201 209.0
6202 317.0
6203 537.0
6204 470.0
6205 898.0
6206 683.0
6207 697.0
6208 196.0
6209 41.0
6210 939.0
6211 172.0
6212 531.0
6213 50.0
6214 901.0
6215 171.0
6216 491.0
6217 490.0
6218 737.0
6219 403.0
6220 656.0
6221 844.0
6222 115.0
6223 221.0
6224 488.0
6225 656.0
6226 325.0
6227 611.0
6228 625.0
6229 806.0
6230 733.0
6231 422.0
6232 600.0
6233 27.0
6234 531.0
6235 863.0
6236 61.0
6237 904.0
6238 565.0
6239 145.0
6240 658.0
6241 486.0
6242 704.0
6243 371.0
6244 430.0
6245 345.0
6246 63.0
6247 175.0
6248 696.0
6249 388.0
6250 170.0
6251 400.0
6252 166.0
6253 958.0
6254 53.0
6255 74.0
6256 241.0
6257 815.0
6258 86.0
6259 282.0
6260 233.0
6261 397.0
6262 346.0
6263 76.0
6264 545.0
6265 336.0
6266 207.0
6267 451.0
6268 700.0
6269 618.0
6270 839.0
6271 547.0
6272 454.0
6273 888.0
6274 306.0
6275 651.0
6276 144.0
6277 374.0
6278 9.0
6279 299.0
6280 855.0
6281 618.0
6282 260.0
6283 737.0
6284 933.0
6285 678.0
6286 910.0
6287 290.0
6288 887.0
6289 787.0
6290 56.0
6291 720.0
6292 729.0
6293 478.0
6294 55.0
6295 493.0
6296 366.0
6297 72.0
6298 214.0
6299 974.0
6300 754.0
6301 999.0
6302 823.0
6303 977.0
6304 108.0
6305 887.0
6306 387.0
6307 756.0
6308 660.0
6309 491.0
6310 257.0
6311 478.0
6312 95.0
6313 544.0
6314 145.0
6315 463.0
6316 37.0
6317 337.0
6318 388.0
6319 993.0
6320 675.0
6321 372.0
6322 184.0
6323 267.0
6324 915.0
6325 764.0
6326 461.0
6327 196.0
6328 240.0
6329 130.0
6330 475.0
6331 58.0
6332 790.0
6333 613.0
6334 699.0
6335 695.0
6336 62.0
6337 317.0
6338 110.0
6339 844.0
6340 9.0
6341 897.0
6342 473.0
6343 420.0
6344 250.0
6345 227.0
6346 835.0
6347 15.0
6348 588.0
6349 125.0
6350 16.0
6351 689.0
6352 992.0
6353 839.0
6354 534.0
6355 142.0
6356 752.0
6357 605.0
6358 56.0
6359 712.0
6360 551.0
6361 905.0
6362 169.0
6363 215.0
6364 796.0
6365 202.0
6366 994.0
6367 599.0
6368 681.0
6369 812.0
6370 919.0
6371 478.0
6372 56.0
6373 280.0
6374 516.0
6375 134.0
6376 429.0
6377 91.0
6378 542.0
6379 274.0
6380 72.0
6381 793.0
6382 756.0
6383 851.0
6384 491.0
6385 649.0
6386 187.0
6387 564.0
6388 263.0
6389 746.0
6390 393.0
6391 220.0
6392 582.0
6393 78.0
6394 186.0
6395 21.0
6396 657.0
6397 508.0
6398 318.0
6399 948.0
6400 498.0
6401 653.0
6402 561.0
6403 870.0
6404 522.0
6405 696.0
6406 739.0
6407 697.0
6408 824.0
6409 838.0
6410 260.0
6411 869.0
6412 948.0
6413 593.0
6414 861.0
6415 759.0
6416 465.0
6417 431.0
6418 374.0
6419 113.0
6420 691.0
6421 336.0
6422 510.0
6423 456.0
6424 454.0
6425 663.0
6426 834.0
6427 548.0
6428 865.0
6429 345.0
6430 348.0
6431 313.0
6432 723.0
6433 876.0
6434 352.0
6435 375.0
6436 277.0
6437 703.0
6438 536.0
6439 286.0
6440 780.0
6441 612.0
6442 596.0
6443 735.0
6444 489.0
6445 476.0
6446 991.0
6447 584.0
6448 474.0
6449 215.0
6450 871.0
6451 354.0
6452 911.0
6453 187.0
6454 605.0
6455 856.0
6456 311.0
6457 288.0
6458 786.0
6459 45.0
6460 497.0
6461 914.0
6462 65.0
6463 797.0
6464 987.0
6465 622.0
6466 688.0
6467 235.0
6468 861.0
6469 742.0
6470 138.0
6471 449.0
6472 101.0
6473 415.0
6474 845.0
6475 918.0
6476 877.0
6477 542.0
6478 569.0
6479 725.0
6480 222.0
6481 904.0
6482 641.0
6483 703.0
6484 79.0
6485 283.0
6486 957.0
6487 959.0
6488 761.0
6489 744.0
6490 292.0
6491 869.0
6492 430.0
6493 383.0
6494 237.0
6495 496.0
6496 347.0
6497 741.0
6498 822.0
6499 571.0
6500 277.0
6501 779.0
6502 662.0
6503 629.0
6504 622.0
6505 771.0
6506 322.0
6507 629.0
6508 553.0
6509 729.0
6510 394.0
6511 399.0
6512 681.0
6513 6.0
6514 726.0
6515 546.0
6516 548.0
6517 538.0
6518 97.0
6519 55.0
6520 566.0
6521 770.0
6522 627.0
6523 662.0
6524 814.0
6525 702.0
6526 158.0
6527 204.0
6528 534.0
6529 642.0
6530 870.0
6531 623.0
6532 16.0
6533 180.0
6534 412.0
6535 938.0
6536 14.0
6537 643.0
6538 939.0
6539 553.0
6540 805.0
6541 767.0
6542 498.0
6543 474.0
6544 467.0
6545 609.0
6546 385.0
6547 604.0
6548 20.0
6549 804.0
6550 234.0
6551 88.0
6552 575.0
6553 92.0
6554 798.0
6555 788.0
6556 787.0
6557 677.0
6558 629.0
6559 386.0
6560 457.0
6561 397.0
6562 83.0
6563 250.0
6564 340.0
6565 847.0
6566 421.0
6567 186.0
6568 854.0
6569 596.0
6570 38.0
6571 401.0
6572 615.0
6573 369.0
6574 261.0
6575 558.0
6576 470.0
6577 608.0
6578 492.0
6579 557.0
6580 952.0
6581 132.0
6582 927.0
6583 799.0
6584 919.0
6585 716.0
6586 500.0
6587 9.0
6588 450.0
6589 290.0
6590 196.0
6591 378.0
6592 952.0
6593 96.0
6594 365.0
6595 668.0
6596 818.0
6597 607.0
6598 253.0
6599 148.0
6600 933.0
6601 212.0
6602 466.0
6603 718.0
6604 757.0
6605 679.0
6606 767.0
6607 336.0
6608 724.0
6609 185.0
6610 170.0
6611 907.0
6612 218.0
6613 279.0
6614 6.0
6615 130.0
6616 443.0
6617 470.0
6618 316.0
6619 416.0
6620 85.0
6621 272.0
6622 634.0
6623 860.0
6624 785.0
6625 444.0
6626 36.0
6627 445.0
6628 106.0
6629 838.0
6630 49.0
6631 94.0
6632 826.0
6633 758.0
6634 905.0
6635 937.0
6636 137.0
6637 969.0
6638 417.0
6639 157.0
6640 535.0
6641 535.0
6642 688.0
6643 96.0
6644 13.0
6645 469.0
6646 750.0
6647 872.0
6648 402.0
6649 787.0
6650 171.0
6651 611.0
6652 621.0
6653 923.0
6654 685.0
6655 559.0
6656 899.0
6657 620.0
6658 848.0
6659 742.0
6660 977.0
6661 359.0
6662 827.0
6663 563.0
6664 700.0
6665 96.0
6666 453.0
6667 687.0
6668 389.0
6669 584.0
6670 788.0
6671 869.0
6672 861.0
6673 843.0
6674 603.0
6675 881.0
6676 11.0
6677 398.0
6678 301.0
6679 567.0
6680 392.0
6681 751.0
6682 42.0
6683 139.0
6684 359.0
6685 181.0
6686 40.0
6687 216.0
6688 919.0
6689 373.0
6690 257.0
6691 811.0
6692 607.0
6693 562.0
6694 27.0
6695 384.0
6696 379.0
6697 855.0
6698 451.0
6699 347.0
6700 723.0
6701 140.0
6702 745.0
6703 909.0
6704 933.0
6705 513.0
6706 146.0
6707 942.0
6708 772.0
6709 497.0
6710 345.0
6711 653.0
6712 543.0
6713 386.0
6714 906.0
6715 164.0
6716 940.0
6717 950.0
6718 577.0
6719 797.0
6720 901.0
6721 380.0
6722 934.0
6723 733.0
6724 105.0
6725 791.0
6726 311.0
6727 954.0
6728 658.0
6729 838.0
6730 563.0
6731 852.0
6732 15.0
6733 968.0
6734 799.0
6735 636.0
6736 132.0
6737 644.0
6738 871.0
6739 759.0
6740 400.0
6741 437.0
6742 33.0
6743 864.0
6744 957.0
6745 193.0
6746 945.0
6747 405.0
6748 563.0
6749 664.0
6750 843.0
6751 954.0
6752 335.0
6753 845.0
6754 535.0
6755 413.0
6756 295.0
6757 985.0
6758 609.0
6759 761.0
6760 866.0
6761 694.0
6762 104.0
6763 747.0
6764 156.0
6765 811.0
6766 720.0
6767 923.0
6768 118.0
6769 760.0
6770 539.0
6771 726.0
6772 449.0
6773 891.0
6774 151.0
6775 885.0
6776 394.0
6777 945.0
6778 4.0
6779 312.0
6780 457.0
6781 113.0
6782 794.0
6783 737.0
6784 393.0
6785 354.0
6786 715.0
6787 825.0
6788 752.0
6789 554.0
6790 419.0
6791 157.0
6792 682.0
6793 827.0
6794 624.0
6795 497.0
6796 642.0
6797 773.0
6798 394.0
6799 990.0
6800 200.0
6801 784.0
6802 267.0
6803 518.0
6804 81.0
6805 542.0
6806 544.0
6807 245.0
6808 214.0
6809 723.0
6810 290.0
6811 501.0
6812 599.0
6813 511.0
6814 777.0
6815 558.0
6816 431.0
6817 976.0
6818 398.0
6819 503.0
6820 78.0
6821 516.0
6822 354.0
6823 386.0
6824 193.0
6825 567.0
6826 728.0
6827 38.0
6828 423.0
6829 511.0
6830 937.0
6831 490.0
6832 969.0
6833 268.0
6834 913.0
6835 713.0
6836 473.0
6837 339.0
6838 791.0
6839 468.0
6840 563.0
6841 206.0
6842 331.0
6843 431.0
6844 686.0
6845 821.0
6846 765.0
6847 398.0
6848 740.0
6849 615.0
6850 290.0
6851 285.0
6852 438.0
6853 880.0
6854 938.0
6855 855.0
6856 212.0
6857 580.0
6858 163.0
6859 585.0
6860 997.0
6861 684.0
6862 53.0
6863 851.0
6864 170.0
6865 870.0
6866 723.0
6867 658.0
6868 475.0
6869 9.0
6870 126.0
6871 475.0
6872 812.0
6873 215.0
6874 175.0
6875 337.0
6876 350.0
6877 322.0
6878 846.0
6879 275.0
6880 551.0
6881 616.0
6882 647.0
6883 304.0
6884 343.0
6885 282.0
6886 657.0
6887 659.0
6888 841.0
6889 537.0
6890 145.0
6891 688.0
6892 751.0
6893 649.0
6894 645.0
6895 857.0
6896 827.0
6897 82.0
6898 220.0
6899 585.0
6900 517.0
6901 816.0
6902 610.0
6903 231.0
6904 246.0
6905 499.0
6906 848.0
6907 410.0
6908 634.0
6909 435.0
6910 953.0
6911 952.0
6912 278.0
6913 612.0
6914 293.0
6915 237.0
6916 681.0
6917 864.0
6918 255.0
6919 357.0
6920 283.0
6921 26.0
6922 937.0
6923 537.0
6924 561.0
6925 406.0
6926 675.0
6927 491.0
6928 623.0
6929 206.0
6930 344.0
6931 985.0
6932 763.0
6933 567.0
6934 557.0
6935 644.0
6936 2.0
6937 776.0
6938 57.0
6939 227.0
6940 708.0
6941 790.0
6942 856.0
6943 900.0
6944 26.0
6945 630.0
6946 885.0
6947 789.0
6948 997.0
6949 412.0
6950 282.0
6951 996.0
6952 906.0
6953 718.0
6954 678.0
6955 516.0
6956 633.0
6957 797.0
6958 276.0
6959 16.0
6960 521.0
6961 585.0
6962 847.0
6963 218.0
6964 524.0
6965 872.0
6966 202.0
6967 718.0
6968 258.0
6969 25.0
6970 145.0
6971 433.0
6972 838.0
6973 550.0
6974 389.0
6975 511.0
6976 337.0
6977 446.0
6978 431.0
6979 447.0
6980 29.0
6981 740.0
6982 892.0
6983 384.0
6984 556.0
6985 784.0
6986 462.0
6987 12.0
6988 601.0
6989 948.0
6990 110.0
6991 316.0
6992 644.0
6993 74.0
6994 934.0
6995 391.0
6996 912.0
6997 656.0
6998 630.0
6999 947.0
7000 669.0
7001 24.0
7002 290.0
7003 669.0
7004 609.0
7005 980.0
7006 945.0
7007 555.0
7008 196.0
7009 182.0
7010 52.0
7011 464.0
7012 490.0
7013 321.0
7014 892.0
7015 615.0
7016 124.0
7017 557.0
7018 670.0
7019 468.0
7020 866.0
7021 970.0
7022 979.0
7023 479.0
7024 400.0
7025 776.0
7026 150.0
7027 468.0
7028 745.0
7029 910.0
7030 944.0
7031 969.0
7032 61.0
7033 140.0
7034 968.0
7035 757.0
7036 391.0
7037 272.0
7038 202.0
7039 901.0
7040 278.0
7041 162.0
7042 7.0
7043 107.0
7044 95.0
7045 171.0
7046 36.0
7047 845.0
7048 352.0
7049 448.0
7050 545.0
7051 691.0
7052 198.0
7053 902.0
7054 687.0
7055 640.0
7056 856.0
7057 13.0
7058 530.0
7059 640.0
7060 709.0
7061 710.0
7062 689.0
7063 463.0
7064 365.0
7065 370.0
7066 649.0
7067 127.0
7068 63.0
7069 612.0
7070 115.0
7071 469.0
7072 450.0
7073 12.0
7074 951.0
7075 148.0
7076 851.0
7077 985.0
7078 579.0
7079 314.0
7080 904.0
7081 113.0
7082 25.0
7083 404.0
7084 576.0
7085 908.0
7086 148.0
7087 63.0
7088 367.0
7089 554.0
7090 983.0
7091 946.0
7092 763.0
7093 468.0
7094 526.0
7095 299.0
7096 803.0
7097 630.0
7098 756.0
7099 498.0
7100 978.0
7101 504.0
7102 149.0
7103 450.0
7104 521.0
7105 17.0
7106 458.0
7107 610.0
7108 583.0
7109 520.0
7110 69.0
7111 622.0
7112 677.0
7113 864.0
7114 818.0
7115 56.0
7116 283.0
7117 725.0
7118 749.0
7119 477.0
7120 450.0
7121 98.0
7122 936.0
7123 141.0
7124 795.0
7125 442.0
7126 153.0
7127 938.0
7128 336.0
7129 298.0
7130 866.0
7131 811.0
7132 186.0
7133 341.0
7134 763.0
7135 762.0
7136 248.0
7137 720.0
7138 783.0
7139 756.0
7140 718.0
7141 228.0
7142 398.0
7143 254.0
7144 362.0
7145 339.0
7146 734.0
7147 875.0
7148 253.0
7149 357.0
7150 956.0
7151 668.0
7152 909.0
7153 996.0
7154 228.0
7155 808.0
7156 530.0
7157 499.0
7158 480.0
7159 82.0
7160 342.0
7161 999.0
7162 167.0
7163 408.0
7164 902.0
7165 226.0
7166 149.0
7167 766.0
7168 579.0
7169 773.0
7170 883.0
7171 335.0
7172 321.0
7173 140.0
7174 99.0
7175 351.0
7176 261.0
7177 413.0
7178 265.0
7179 173.0
7180 663.0
7181 22.0
7182 181.0
7183 312.0
7184 215.0
7185 230.0
7186 248.0
7187 735.0
7188 690.0
7189 118.0
7190 51.0
7191 569.0
7192 560.0
7193 650.0
7194 160.0
7195 462.0
7196 227.0
7197 41.0
7198 214.0
7199 225.0
7200 160.0
7201 46.0
7202 678.0
7203 76.0
7204 370.0
7205 1000.0
7206 895.0
7207 739.0
7208 348.0
7209 365.0
7210 409.0
7211 905.0
7212 780.0
7213 349.0
7214 886.0
7215 64.0
7216 126.0
7217 641.0
7218 330.0
7219 527.0
7220 396.0
7221 654.0
7222 717.0
7223 530.0
7224 278.0
7225 746.0
7226 613.0
7227 658.0
7228 119.0
7229 772.0
7230 814.0
7231 517.0
7232 85.0
7233 972.0
7234 574.0
7235 428.0
7236 295.0
7237 649.0
7238 495.0
7239 200.0
7240 584.0
7241 293.0
7242 755.0
7243 471.0
7244 55.0
7245 824.0
7246 945.0
7247 891.0
7248 570.0
7249 407.0
7250 391.0
7251 477.0
7252 829.0
7253 843.0
7254 557.0
7255 780.0
7256 772.0
7257 903.0
7258 767.0
7259 127.0
7260 607.0
7261 80.0
7262 247.0
7263 99.0
7264 894.0
7265 155.0
7266 225.0
7267 557.0
7268 756.0
7269 660.0
7270 642.0
7271 999.0
7272 479.0
7273 778.0
7274 810.0
7275 774.0
7276 467.0
7277 486.0
7278 258.0
7279 665.0
7280 765.0
7281 769.0
7282 826.0
7283 682.0
7284 138.0
7285 563.0
7286 53.0
7287 475.0
7288 990.0
7289 647.0
7290 789.0
7291 621.0
7292 267.0
7293 118.0
7294 978.0
7295 216.0
7296 827.0
7297 218.0
7298 551.0
7299 584.0
7300 677.0
7301 218.0
7302 412.0
7303 655.0
7304 908.0
7305 801.0
7306 577.0
7307 525.0
7308 118.0
7309 873.0
7310 606.0
7311 995.0
7312 598.0
7313 12.0
7314 647.0
7315 414.0
7316 593.0
7317 842.0
7318 512.0
7319 6.0
7320 497.0
7321 453.0
7322 474.0
7323 948.0
7324 941.0
7325 608.0
7326 632.0
7327 863.0
7328 326.0
7329 911.0
7330 4.0
7331 84.0
7332 528.0
7333 256.0
7334 764.0
7335 968.0
7336 171.0
7337 905.0
7338 383.0
7339 798.0
7340 79.0
7341 219.0
7342 767.0
7343 315.0
7344 251.0
7345 686.0
7346 876.0
7347 734.0
7348 996.0
7349 116.0
7350 741.0
7351 152.0
7352 659.0
7353 37.0
7354 205.0
7355 650.0
7356 702.0
7357 159.0
7358 228.0
7359 998.0
7360 780.0
7361 458.0
7362 86.0
7363 825.0
7364 857.0
7365 842.0
7366 330.0
7367 295.0
7368 311.0
7369 611.0
7370 963.0
7371 837.0
7372 483.0
7373 900.0
7374 870.0
7375 225.0
7376 74.0
7377 92.0
7378 188.0
7379 365.0
7380 336.0
7381 740.0
7382 966.0
7383 476.0
7384 83.0
7385 894.0
7386 149.0
7387 935.0
7388 78.0
7389 837.0
7390 661.0
7391 5.0
7392 534.0
7393 165.0
7394 115.0
7395 763.0
7396 72.0
7397 808.0
7398 474.0
7399 70.0
7400 671.0
7401 88.0
7402 785.0
7403 111.0
7404 871.0
7405 130.0
7406 10.0
7407 70.0
7408 715.0
7409 1001.0
7410 797.0
7411 809.0
7412 700.0
7413 743.0
7414 6.0
7415 977.0
7416 306.0
7417 90.0
7418 718.0
7419 860.0
7420 521.0
7421 991.0
7422 440.0
7423 404.0
7424 134.0
7425 266.0
7426 242.0
7427 285.0
7428 475.0
7429 634.0
7430 579.0
7431 582.0
7432 714.0
7433 59.0
7434 628.0
7435 618.0
7436 784.0
7437 908.0
7438 107.0
7439 784.0
7440 495.0
7441 638.0
7442 605.0
7443 710.0
7444 424.0
7445 842.0
7446 699.0
7447 989.0
7448 732.0
7449 301.0
7450 269.0
7451 755.0
7452 126.0
7453 318.0
7454 673.0
7455 814.0
7456 829.0
7457 33.0
7458 716.0
7459 701.0
7460 540.0
7461 585.0
7462 602.0
7463 996.0
7464 84.0
7465 974.0
7466 417.0
7467 444.0
7468 614.0
7469 213.0
7470 17.0
7471 973.0
7472 31.0
7473 907.0
7474 589.0
7475 479.0
7476 505.0
7477 697.0
7478 572.0
7479 330.0
7480 821.0
7481 103.0
7482 61.0
7483 912.0
7484 601.0
7485 192.0
7486 303.0
7487 163.0
7488 324.0
7489 122.0
7490 401.0
7491 989.0
7492 451.0
7493 94.0
7494 871.0
7495 633.0
7496 917.0
7497 421.0
7498 296.0
7499 567.0
7500 691.0
7501 452.0
7502 891.0
7503 255.0
7504 117.0
7505 870.0
7506 443.0
7507 160.0
7508 258.0
7509 420.0
7510 762.0
7511 702.0
7512 528.0
7513 513.0
7514 456.0
7515 508.0
7516 487.0
7517 227.0
7518 593.0
7519 153.0
7520 782.0
7521 178.0
7522 545.0
7523 787.0
7524 880.0
7525 393.0
7526 128.0
7527 487.0
7528 409.0
7529 791.0
7530 959.0
7531 910.0
7532 632.0
7533 155.0
7534 785.0
7535 844.0
7536 843.0
7537 470.0
7538 471.0
7539 546.0
7540 219.0
7541 335.0
7542 194.0
7543 338.0
7544 992.0
7545 775.0
7546 377.0
7547 791.0
7548 626.0
7549 104.0
7550 859.0
7551 969.0
7552 69.0
7553 691.0
7554 793.0
7555 636.0
7556 20.0
7557 399.0
7558 835.0
7559 7.0
7560 626.0
7561 195.0
7562 231.0
7563 653.0
7564 937.0
7565 923.0
7566 524.0
7567 387.0
7568 979.0
7569 514.0
7570 728.0
7571 549.0
7572 309.0
7573 986.0
7574 999.0
7575 906.0
7576 472.0
7577 408.0
7578 8.0
7579 509.0
7580 885.0
7581 642.0
7582 459.0
7583 245.0
7584 261.0
7585 92.0
7586 457.0
7587 473.0
7588 867.0
7589 849.0
7590 712.0
7591 116.0
7592 568.0
7593 629.0
7594 896.0
7595 782.0
7596 829.0
7597 620.0
7598 807.0
7599 54.0
7600 596.0
7601 898.0
7602 411.0
7603 819.0
7604 235.0
7605 397.0
7606 191.0
7607 653.0
7608 540.0
7609 487.0
7610 749.0
7611 589.0
7612 121.0
7613 116.0
7614 25.0
7615 269.0
7616 393.0
7617 111.0
7618 30.0
7619 377.0
7620 756.0
7621 681.0
7622 545.0
7623 486.0
7624 485.0
7625 386.0
7626 773.0
7627 899.0
7628 355.0
7629 824.0
7630 572.0
7631 871.0
7632 941.0
7633 85.0
7634 501.0
7635 609.0
7636 151.0
7637 579.0
7638 585.0
7639 809.0
7640 513.0
7641 191.0
7642 425.0
7643 71.0
7644 401.0
7645 831.0
7646 953.0
7647 452.0
7648 460.0
7649 375.0
7650 955.0
7651 557.0
7652 136.0
7653 669.0
7654 225.0
7655 66.0
7656 438.0
7657 725.0
7658 50.0
7659 275.0
7660 723.0
7661 524.0
7662 604.0
7663 309.0
7664 569.0
7665 833.0
7666 655.0
7667 896.0
7668 564.0
7669 291.0
7670 976.0
7671 233.0
7672 147.0
7673 587.0
7674 731.0
7675 286.0
7676 478.0
7677 941.0
7678 132.0
7679 36.0
7680 666.0
7681 266.0
7682 639.0
7683 601.0
7684 610.0
7685 308.0
7686 51.0
7687 853.0
7688 112.0
7689 782.0
7690 862.0
7691 159.0
7692 906.0
7693 59.0
7694 394.0
7695 123.0
7696 712.0
7697 170.0
7698 348.0
7699 751.0
7700 490.0
7701 47.0
7702 556.0
7703 317.0
7704 575.0
7705 673.0
7706 946.0
7707 287.0
7708 502.0
7709 524.0
7710 934.0
7711 57.0
7712 929.0
7713 19.0
7714 720.0
7715 962.0
7716 211.0
7717 944.0
7718 279.0
7719 916.0
7720 882.0
7721 740.0
7722 117.0
7723 330.0
7724 476.0
7725 323.0
7726 255.0
7727 433.0
7728 908.0
7729 626.0
7730 262.0
7731 950.0
7732 863.0
7733 373.0
7734 589.0
7735 129.0
7736 491.0
7737 667.0
7738 880.0
7739 530.0
7740 995.0
7741 899.0
7742 449.0
7743 558.0
7744 627.0
7745 75.0
7746 587.0
7747 711.0
7748 939.0
7749 164.0
7750 915.0
7751 675.0
7752 124.0
7753 238.0
7754 578.0
7755 903.0
7756 710.0
7757 205.0
7758 674.0
7759 68.0
7760 878.0
7761 707.0
7762 932.0
7763 849.0
7764 194.0
7765 321.0
7766 336.0
7767 818.0
7768 593.0
7769 549.0
7770 79.0
7771 806.0
7772 70.0
7773 201.0
7774 969.0
7775 47.0
7776 605.0
7777 686.0
7778 143.0
7779 519.0
7780 539.0
7781 424.0
7782 764.0
7783 420.0
7784 779.0
7785 42.0
7786 190.0
7787 389.0
7788 925.0
7789 290.0
7790 930.0
7791 147.0
7792 652.0
7793 622.0
7794 633.0
7795 502.0
7796 472.0
7797 224.0
7798 224.0
7799 259.0
7800 272.0
7801 849.0
7802 284.0
7803 420.0
7804 901.0
7805 200.0
7806 724.0
7807 214.0
7808 421.0
7809 766.0
7810 820.0
7811 910.0
7812 537.0
7813 935.0
7814 733.0
7815 88.0
7816 170.0
7817 956.0
7818 663.0
7819 995.0
7820 78.0
7821 802.0
7822 951.0
7823 918.0
7824 941.0
7825 265.0
7826 525.0
7827 22.0
7828 327.0
7829 706.0
7830 274.0
7831 957.0
7832 544.0
7833 686.0
7834 130.0
7835 622.0
7836 440.0
7837 373.0
7838 864.0
7839 889.0
7840 848.0
7841 993.0
7842 853.0
7843 747.0
7844 519.0
7845 797.0
7846 372.0
7847 287.0
7848 58.0
7849 989.0
7850 296.0
7851 184.0
7852 612.0
7853 800.0
7854 423.0
7855 849.0
7856 769.0
7857 438.0
7858 42.0
7859 210.0
7860 437.0
7861 939.0
7862 766.0
7863 193.0
7864 248.0
7865 61.0
7866 101.0
7867 287.0
7868 390.0
7869 225.0
7870 703.0
7871 257.0
7872 627.0
7873 164.0
7874 788.0
7875 979.0
7876 665.0
7877 384.0
7878 677.0
7879 571.0
7880 964.0
7881 768.0
7882 60.0
7883 478.0
7884 545.0
7885 628.0
7886 153.0
7887 956.0
7888 344.0
7889 331.0
7890 537.0
7891 412.0
7892 181.0
7893 155.0
7894 171.0
7895 425.0
7896 475.0
7897 396.0
7898 735.0
7899 848.0
7900 423.0
7901 860.0
7902 195.0
7903 317.0
7904 465.0
7905 792.0
7906 255.0
7907 634.0
7908 532.0
7909 975.0
7910 133.0
7911 963.0
7912 726.0
7913 207.0
7914 925.0
7915 513.0
7916 820.0
7917 607.0
7918 677.0
7919 398.0
7920 186.0
7921 247.0
7922 169.0
7923 646.0
7924 549.0
7925 401.0
7926 318.0
7927 935.0
7928 264.0
7929 323.0
7930 80.0
7931 473.0
7932 651.0
7933 804.0
7934 673.0
7935 597.0
7936 291.0
7937 966.0
7938 979.0
7939 61.0
7940 85.0
7941 639.0
7942 17.0
7943 731.0
7944 316.0
7945 416.0
7946 440.0
7947 350.0
7948 897.0
7949 984.0
7950 124.0
7951 312.0
7952 503.0
7953 583.0
7954 48.0
7955 966.0
7956 301.0
7957 553.0
7958 816.0
7959 732.0
7960 536.0
7961 724.0
7962 394.0
7963 501.0
7964 344.0
7965 73.0
7966 837.0
7967 112.0
7968 748.0
7969 448.0
7970 54.0
7971 422.0
7972 978.0
7973 369.0
7974 944.0
7975 413.0
7976 903.0
7977 873.0
7978 562.0
7979 22.0
7980 599.0
7981 126.0
7982 322.0
7983 897.0
7984 818.0
7985 55.0
7986 627.0
7987 80.0
7988 371.0
7989 567.0
7990 732.0
7991 701.0
7992 284.0
7993 24.0
7994 101.0
7995 117.0
7996 901.0
7997 500.0
7998 985.0
7999 579.0
8000 955.0
8001 28.0
8002 451.0
8003 438.0
8004 89.0
8005 466.0
8006 661.0
8007 88.0
8008 163.0
8009 833.0
8010 734.0
8011 350.0
8012 206.0
8013 971.0
8014 161.0
8015 753.0
8016 842.0
8017 178.0
8018 341.0
8019 219.0
8020 524.0
8021 998.0
8022 509.0
8023 997.0
8024 13.0
8025 727.0
8026 998.0
8027 284.0
8028 69.0
8029 298.0
8030 501.0
8031 879.0
8032 500.0
8033 125.0
8034 792.0
8035 381.0
8036 301.0
8037 174.0
8038 101.0
8039 903.0
8040 848.0
8041 997.0
8042 217.0
8043 988.0
8044 800.0
8045 718.0
8046 203.0
8047 467.0
8048 603.0
8049 989.0
8050 500.0
8051 256.0
8052 269.0
8053 748.0
8054 144.0
8055 703.0
8056 423.0
8057 208.0
8058 702.0
8059 929.0
8060 414.0
8061 891.0
8062 589.0
8063 766.0
8064 694.0
8065 642.0
8066 361.0
8067 317.0
8068 532.0
8069 560.0
8070 676.0
8071 848.0
8072 596.0
8073 425.0
8074 666.0
8075 738.0
8076 860.0
8077 778.0
8078 540.0
8079 454.0
8080 819.0
8081 31.0
8082 431.0
8083 74.0
8084 7.0
8085 82.0
8086 603.0
8087 722.0
8088 355.0
8089 754.0
8090 363.0
8091 365.0
8092 39.0
8093 975.0
8094 260.0
8095 834.0
8096 70.0
8097 66.0
8098 375.0
8099 599.0
8100 22.0
8101 651.0
8102 830.0
8103 779.0
8104 996.0
8105 702.0
8106 959.0
8107 99.0
8108 106.0
8109 968.0
8110 909.0
8111 36.0
8112 529.0
8113 574.0
8114 869.0
8115 181.0
8116 447.0
8117 887.0
8118 502.0
8119 931.0
8120 974.0
8121 851.0
8122 611.0
8123 979.0
8124 555.0
8125 848.0
8126 565.0
8127 722.0
8128 138.0
8129 820.0
8130 497.0
8131 609.0
8132 861.0
8133 817.0
8134 831.0
8135 692.0
8136 900.0
8137 352.0
8138 280.0
8139 76.0
8140 594.0
8141 957.0
8142 49.0
8143 788.0
8144 963.0
8145 96.0
8146 599.0
8147 583.0
8148 257.0
8149 175.0
8150 25.0
8151 577.0
8152 210.0
8153 729.0
8154 762.0
8155 159.0
8156 299.0
8157 978.0
8158 83.0
8159 581.0
8160 381.0
8161 870.0
8162 606.0
8163 755.0
8164 774.0
8165 404.0
8166 821.0
8167 249.0
8168 987.0
8169 505.0
8170 443.0
8171 235.0
8172 61.0
8173 965.0
8174 310.0
8175 116.0
8176 671.0
8177 11.0
8178 346.0
8179 899.0
8180 974.0
8181 846.0
8182 99.0
8183 930.0
8184 446.0
8185 145.0
8186 275.0
8187 474.0
8188 808.0
8189 821.0
8190 653.0
8191 787.0
8192 511.0
8193 573.0
8194 812.0
8195 710.0
8196 149.0
8197 620.0
8198 116.0
8199 552.0
8200 578.0
8201 809.0
8202 477.0
8203 8.0
8204 521.0
8205 707.0
8206 520.0
8207 101.0
8208 899.0
8209 646.0
8210 919.0
8211 730.0
8212 162.0
8213 698.0
8214 816.0
8215 179.0
8216 455.0
8217 430.0
8218 453.0
8219 109.0
8220 531.0
8221 899.0
8222 363.0
8223 898.0
8224 966.0
8225 780.0
8226 719.0
8227 907.0
8228 326.0
8229 667.0
8230 752.0
8231 166.0
8232 695.0
8233 599.0
8234 447.0
8235 249.0
8236 105.0
8237 588.0
8238 85.0
8239 584.0
8240 215.0
8241 467.0
8242 601.0
8243 277.0
8244 818.0
8245 684.0
8246 104.0
8247 585.0
8248 589.0
8249 776.0
8250 398.0
8251 540.0
8252 809.0
8253 116.0
8254 785.0
8255 868.0
8256 661.0
8257 193.0
8258 950.0
8259 282.0
8260 124.0
8261 123.0
8262 284.0
8263 396.0
8264 382.0
8265 308.0
8266 541.0
8267 42.0
8268 164.0
8269 154.0
8270 360.0
8271 500.0
8272 384.0
8273 558.0
8274 792.0
8275 210.0
8276 27.0
8277 417.0
8278 654.0
8279 877.0
8280 222.0
8281 774.0
8282 214.0
8283 468.0
8284 85.0
8285 329.0
8286 455.0
8287 511.0
8288 993.0
8289 960.0
8290 905.0
8291 268.0
8292 623.0
8293 580.0
8294 830.0
8295 807.0
8296 262.0
8297 135.0
8298 396.0
8299 752.0
8300 604.0
8301 783.0
8302 252.0
8303 467.0
8304 496.0
8305 348.0
8306 900.0
8307 784.0
8308 874.0
8309 936.0
8310 90.0
8311 902.0
8312 431.0
8313 209.0
8314 464.0
8315 1.0
8316 379.0
8317 176.0
8318 616.0
8319 211.0
8320 87.0
8321 535.0
8322 782.0
8323 36.0
8324 200.0
8325 525.0
8326 375.0
8327 5.0
8328 352.0
8329 958.0
8330 675.0
8331 333.0
8332 488.0
8333 634.0
8334 83.0
8335 625.0
8336 338.0
8337 589.0
8338 480.0
8339 210.0
8340 599.0
8341 711.0
8342 393.0
8343 528.0
8344 938.0
8345 95.0
8346 870.0
8347 81.0
8348 8.0
8349 137.0
8350 198.0
8351 883.0
8352 301.0
8353 777.0
8354 845.0
8355 991.0
8356 809.0
8357 474.0
8358 314.0
8359 655.0
8360 129.0
8361 501.0
8362 900.0
8363 886.0
8364 878.0
8365 844.0
8366 700.0
8367 719.0
8368 24.0
8369 584.0
8370 630.0
8371 273.0
8372 2.0
8373 901.0
8374 572.0
8375 788.0
8376 302.0
8377 968.0
8378 272.0
8379 166.0
8380 552.0
8381 866.0
8382 56.0
8383 188.0
8384 974.0
8385 300.0
8386 935.0
8387 512.0
8388 512.0
8389 357.0
8390 252.0
8391 759.0
8392 839.0
8393 748.0
8394 527.0
8395 462.0
8396 929.0
8397 973.0
8398 837.0
8399 439.0
8400 870.0
8401 663.0
8402 630.0
8403 195.0
8404 103.0
8405 863.0
8406 589.0
8407 284.0
8408 350.0
8409 426.0
8410 829.0
8411 164.0
8412 78.0
8413 753.0
8414 454.0
8415 990.0
8416 430.0
8417 81.0
8418 244.0
8419 947.0
8420 264.0
8421 151.0
8422 51.0
8423 180.0
8424 65.0
8425 606.0
8426 281.0
8427 116.0
8428 237.0
8429 700.0
8430 723.0
8431 4.0
8432 520.0
8433 911.0
8434 835.0
8435 761.0
8436 48.0
8437 915.0
8438 531.0
8439 832.0
8440 873.0
8441 917.0
8442 471.0
8443 606.0
8444 607.0
8445 752.0
8446 800.0
8447 74.0
8448 224.0
8449 310.0
8450 324.0
8451 859.0
8452 942.0
8453 761.0
8454 128.0
8455 415.0
8456 538.0
8457 826.0
8458 727.0
8459 218.0
8460 428.0
8461 770.0
8462 943.0
8463 4.0
8464 318.0
8465 147.0
8466 813.0
8467 682.0
8468 269.0
8469 338.0
8470 32.0
8471 368.0
8472 559.0
8473 781.0
8474 608.0
8475 85.0
8476 835.0
8477 449.0
8478 635.0
8479 103.0
8480 651.0
8481 491.0
8482 360.0
8483 512.0
8484 632.0
8485 162.0
8486 4.0
8487 622.0
8488 201.0
8489 159.0
8490 107.0
8491 3.0
8492 8.0
8493 189.0
8494 549.0
8495 479.0
8496 942.0
8497 150.0
8498 743.0
8499 214.0
8500 887.0
8501 639.0
8502 950.0
8503 88.0
8504 183.0
8505 539.0
8506 83.0
8507 933.0
8508 101.0
8509 384.0
8510 862.0
8511 834.0
8512 487.0
8513 796.0
8514 683.0
8515 620.0
8516 155.0
8517 772.0
8518 100.0
8519 890.0
8520 523.0
8521 781.0
8522 413.0
8523 380.0
8524 458.0
8525 673.0
8526 419.0
8527 265.0
8528 273.0
8529 137.0
8530 50.0
8531 27.0
8532 369.0
8533 61.0
8534 281.0
8535 857.0
8536 48.0
8537 435.0
8538 371.0
8539 150.0
8540 611.0
8541 620.0
8542 237.0
8543 573.0
8544 1000.0
8545 669.0
8546 535.0
8547 339.0
8548 854.0
8549 94.0
8550 787.0
8551 769.0
8552 61.0
8553 951.0
8554 721.0
8555 987.0
8556 572.0
8557 342.0
8558 869.0
8559 572.0
8560 522.0
8561 490.0
8562 300.0
8563 323.0
8564 443.0
8565 337.0
8566 344.0
8567 854.0
8568 670.0
8569 222.0
8570 41.0
8571 588.0
8572 900.0
8573 571.0
8574 102.0
8575 897.0
8576 191.0
8577 677.0
8578 93.0
8579 509.0
8580 626.0
8581 598.0
8582 681.0
8583 41.0
8584 275.0
8585 928.0
8586 766.0
8587 497.0
8588 60.0
8589 668.0
8590 513.0
8591 829.0
8592 611.0
8593 734.0
8594 344.0
8595 204.0
8596 243.0
8597 703.0
8598 191.0
8599 468.0
8600 718.0
8601 207.0
8602 454.0
8603 378.0
8604 561.0
8605 66.0
8606 369.0
8607 608.0
8608 305.0
8609 609.0
8610 728.0
8611 148.0
8612 200.0
8613 850.0
8614 193.0
8615 742.0
8616 591.0
8617 137.0
8618 774.0
8619 171.0
8620 387.0
8621 668.0
8622 373.0
8623 764.0
8624 792.0
8625 767.0
8626 703.0
8627 290.0
8628 728.0
8629 156.0
8630 290.0
8631 454.0
8632 204.0
8633 536.0
8634 719.0
8635 616.0
8636 207.0
8637 673.0
8638 759.0
8639 946.0
8640 574.0
8641 838.0
8642 522.0
8643 196.0
8644 675.0
8645 902.0
8646 327.0
8647 445.0
8648 714.0
8649 582.0
8650 539.0
8651 669.0
8652 872.0
8653 354.0
8654 238.0
8655 748.0
8656 529.0
8657 331.0
8658 215.0
8659 586.0
8660 331.0
8661 962.0
8662 443.0
8663 330.0
8664 917.0
8665 740.0
8666 898.0
8667 287.0
8668 697.0
8669 271.0
8670 284.0
8671 54.0
8672 222.0
8673 912.0
8674 42.0
8675 504.0
8676 296.0
8677 924.0
8678 727.0
8679 774.0
8680 192.0
8681 515.0
8682 753.0
8683 100.0
8684 28.0
8685 428.0
8686 277.0
8687 374.0
8688 619.0
8689 748.0
8690 925.0
8691 604.0
8692 872.0
8693 412.0
8694 961.0
8695 23.0
8696 116.0
8697 518.0
8698 459.0
8699 452.0
8700 598.0
8701 871.0
8702 985.0
8703 689.0
8704 715.0
8705 417.0
8706 347.0
8707 83.0
8708 495.0
8709 86.0
8710 974.0
8711 185.0
8712 230.0
8713 346.0
8714 588.0
8715 331.0
8716 161.0
8717 227.0
8718 899.0
8719 300.0
8720 572.0
8721 889.0
8722 226.0
8723 727.0
8724 708.0
8725 839.0
8726 83.0
8727 773.0
8728 468.0
8729 782.0
8730 982.0
8731 672.0
8732 915.0
8733 687.0
8734 914.0
8735 181.0
8736 263.0
8737 70.0
8738 261.0
8739 595.0
8740 162.0
8741 692.0
8742 137.0
8743 990.0
8744 751.0
8745 811.0
8746 519.0
8747 541.0
8748 212.0
8749 923.0
8750 859.0
8751 333.0
8752 234.0
8753 410.0
8754 252.0
8755 829.0
8756 150.0
8757 867.0
8758 654.0
8759 281.0
8760 234.0
8761 947.0
8762 109.0
8763 697.0
8764 50.0
8765 457.0
8766 373.0
8767 648.0
8768 568.0
8769 81.0
8770 888.0
8771 94.0
8772 186.0
8773 566.0
8774 565.0
8775 628.0
8776 714.0
8777 387.0
8778 407.0
8779 30.0
8780 852.0
8781 963.0
8782 626.0
8783 769.0
8784 665.0
8785 222.0
8786 518.0
8787 143.0
8788 111.0
8789 927.0
8790 44.0
8791 106.0
8792 708.0
8793 469.0
8794 753.0
8795 388.0
8796 30.0
8797 14.0
8798 396.0
8799 459.0
8800 828.0
8801 748.0
8802 378.0
8803 20.0
8804 235.0
8805 684.0
8806 944.0
8807 192.0
8808 673.0
8809 957.0
8810 830.0
8811 270.0
8812 830.0
8813 771.0
8814 985.0
8815 974.0
8816 264.0
8817 224.0
8818 812.0
8819 380.0
8820 18.0
8821 11.0
8822 324.0
8823 320.0
8824 907.0
8825 635.0
8826 549.0
8827 905.0
8828 972.0
8829 110.0
8830 488.0
8831 940.0
8832 988.0
8833 312.0
8834 944.0
8835 445.0
8836 785.0
8837 59.0
8838 583.0
8839 203.0
8840 592.0
8841 722.0
8842 656.0
8843 212.0
8844 563.0
8845 693.0
8846 905.0
8847 228.0
8848 145.0
8849 277.0
8850 339.0
8851 93.0
8852 971.0
8853 685.0
8854 684.0
8855 400.0
8856 510.0
8857 604.0
8858 558.0
8859 132.0
8860 805.0
8861 482.0
8862 607.0
8863 342.0
8864 238.0
8865 63.0
8866 127.0
8867 564.0
8868 408.0
8869 873.0
8870 975.0
8871 636.0
8872 910.0
8873 373.0
8874 878.0
8875 844.0
8876 983.0
8877 191.0
8878 643.0
8879 806.0
8880 764.0
8881 434.0
8882 108.0
8883 304.0
8884 144.0
8885 345.0
8886 112.0
8887 383.0
8888 43.0
8889 697.0
8890 224.0
8891 360.0
8892 239.0
8893 179.0
8894 401.0
8895 52.0
8896 766.0
8897 685.0
8898 317.0
8899 436.0
8900 297.0
8901 862.0
8902 582.0
8903 190.0
8904 852.0
8905 497.0
8906 690.0
8907 996.0
8908 633.0
8909 291.0
8910 109.0
8911 319.0
8912 792.0
8913 414.0
8914 577.0
8915 361.0
8916 447.0
8917 725.0
8918 313.0
8919 265.0
8920 322.0
8921 938.0
8922 573.0
8923 221.0
8924 985.0
8925 130.0
8926 693.0
8927 50.0
8928 762.0
8929 866.0
8930 514.0
8931 983.0
8932 57.0
8933 951.0
8934 893.0
8935 817.0
8936 994.0
8937 249.0
8938 817.0
8939 392.0
8940 8.0
8941 280.0
8942 474.0
8943 298.0
8944 247.0
8945 336.0
8946 545.0
8947 66.0
8948 434.0
8949 659.0
8950 881.0
8951 647.0
8952 137.0
8953 842.0
8954 675.0
8955 861.0
8956 222.0
8957 966.0
8958 218.0
8959 629.0
8960 661.0
8961 147.0
8962 348.0
8963 225.0
8964 727.0
8965 134.0
8966 717.0
8967 494.0
8968 77.0
8969 265.0
8970 96.0
8971 961.0
8972 154.0
8973 652.0
8974 31.0
8975 34.0
8976 861.0
8977 689.0
8978 291.0
8979 36.0
8980 455.0
8981 88.0
8982 726.0
8983 637.0
8984 193.0
8985 456.0
8986 338.0
8987 377.0
8988 323.0
8989 91.0
8990 604.0
8991 348.0
8992 653.0
8993 26.0
8994 346.0
8995 782.0
8996 73.0
8997 612.0
8998 730.0
8999 248.0
9000 68.0
9001 826.0
9002 299.0
9003 389.0
9004 510.0
9005 302.0
9006 304.0
9007 662.0
9008 715.0
9009 566.0
9010 967.0
9011 326.0
9012 70.0
9013 318.0
9014 743.0
9015 1000.0
9016 301.0
9017 649.0
9018 71.0
9019 496.0
9020 817.0
9021 3.0
9022 612.0
9023 252.0
9024 427.0
9025 307.0
9026 447.0
9027 612.0
9028 110.0
9029 174.0
9030 277.0
9031 431.0
9032 478.0
9033 275.0
9034 220.0
9035 925.0
9036 4.0
9037 974.0
9038 411.0
9039 499.0
9040 110.0
9041 136.0
9042 241.0
9043 295.0
9044 700.0
9045 530.0
9046 736.0
9047 556.0
9048 809.0
9049 653.0
9050 284.0
9051 506.0
9052 616.0
9053 868.0
9054 620.0
9055 327.0
9056 177.0
9057 706.0
9058 768.0
9059 3.0
9060 894.0
9061 833.0
9062 416.0
9063 242.0
9064 918.0
9065 678.0
9066 999.0
9067 440.0
9068 397.0
9069 960.0
9070 673.0
9071 631.0
9072 694.0
9073 375.0
9074 184.0
9075 723.0
9076 538.0
9077 538.0
9078 592.0
9079 829.0
9080 299.0
9081 849.0
9082 741.0
9083 434.0
9084 480.0
9085 338.0
9086 355.0
9087 219.0
9088 849.0
9089 706.0
9090 624.0
9091 819.0
9092 544.0
9093 708.0
9094 216.0
9095 506.0
9096 922.0
9097 745.0
9098 701.0
9099 727.0
9100 877.0
9101 39.0
9102 473.0
9103 751.0
9104 837.0
9105 43.0
9106 419.0
9107 181.0
9108 704.0
9109 800.0
9110 702.0
9111 947.0
9112 518.0
9113 815.0
9114 268.0
9115 481.0
9116 737.0
9117 622.0
9118 885.0
9119 188.0
9120 645.0
9121 651.0
9122 789.0
9123 995.0
9124