208 38 103 101 265 80 43 72 223 3 8 99 49 190 205 68 2 194 168 211 46 39 43 2 25 1 english
147 29 59 83 235 76 37 83 157 1 2 57 62 140 150 25 0 121 136 173 64 16 20 1 19 2 english
75 13 24 43 127 48 9 51 92 1 1 30 30 67 76 14 0 74 60 84 29 8 19 0 5 1 english
130 16 73 69 205 45 35 66 139 2 5 65 59 148 142 35 2 115 96 148 48 13 25 3 23 1 english
135 10 41 56 166 40 20 52 121 1 0 50 37 109 99 32 0 92 104 137 28 17 21 8 17 1 english
81 10 35 42 122 18 20 47 80 2 2 46 15 81 79 15 0 69 61 94 21 14 23 2 11 1 english
108 5 34 55 145 21 23 50 98 2 5 44 32 102 70 26 1 78 65 94 29 10 36 1 6 0 english
84 15 29 41 125 42 30 56 111 2 2 40 20 97 77 24 0 79 85 114 24 15 27 0 10 0 english
116 16 53 44 162 31 26 50 106 0 2 71 28 111 108 33 0 83 86 124 30 17 19 5 15 1 english
105 12 50 46 130 32 29 53 109 9 2 52 28 116 94 27 0 73 57 108 17 13 9 3 13 0 english
106 16 39 45 108 0 25 3 96 30 26 22 31 60 107 40 0 40 50 29 18 0 59 2 19 64 polish
48 14 40 15 45 2 8 13 63 14 21 12 11 35 48 11 0 21 31 27 11 0 45 0 30 39 polish
52 7 30 28 76 1 12 8 72 13 21 24 28 51 69 28 0 31 23 20 13 0 34 0 22 47 polish
61 11 41 23 59 1 8 10 68 28 30 16 16 39 56 22 0 32 41 18 19 0 44 1 23 40 polish
89 12 47 30 60 1 7 12 78 29 32 29 30 48 89 30 0 53 48 44 27 0 63 0 39 50 polish
74 5 46 25 49 4 5 7 53 17 28 20 20 56 60 32 0 45 36 27 14 0 57 0 43 57 polish
80 8 38 37 80 3 14 7 69 42 56 21 29 44 100 42 0 52 57 34 33 0 52 1 24 48 polish
91 6 38 22 61 5 7 6 79 23 32 28 24 53 76 39 0 43 49 38 21 0 53 0 27 44 polish
117 16 61 39 115 1 17 21 114 21 43 29 29 70 124 49 0 70 61 49 31 0 77 0 43 100 polish
93 26 41 32 105 3 21 14 96 22 42 28 36 56 98 25 0 67 52 42 16 0 46 0 54 70 polish
88 9 33 52 156 13 18 4 90 2 0 68 23 90 47 38 10 59 99 71 65 10 0 10 3 1 french
171 15 71 76 244 28 19 8 130 2 1 126 60 133 88 48 25 97 147 128 101 12 0 5 7 3 french
133 21 52 69 262 21 19 7 118 0 1 101 40 133 100 52 15 111 143 141 83 18 0 7 7 3 french
107 5 39 44 171 16 14 22 87 2 1 85 37 92 72 45 16 82 113 94 70 8 1 4 7 1 french
67 6 27 31 124 18 8 1 64 1 8 60 28 52 36 28 7 65 75 57 45 4 0 1 3 0 french
81 9 23 31 131 15 9 1 76 2 0 65 23 73 44 25 15 61 55 68 56 7 0 5 3 1 french
144 8 42 64 236 27 13 19 100 0 3 131 37 123 88 40 11 77 166 107 78 17 3 6 9 1 french
100 8 44 63 188 8 16 7 86 2 4 83 43 93 72 36 11 101 102 85 78 10 0 10 3 3 french
129 17 63 86 297 17 22 11 147 4 0 131 56 145 87 50 19 117 93 112 95 10 0 7 6 1 french
69 5 19 53 146 12 11 4 40 1 0 59 25 64 55 22 5 65 77 75 57 1 0 4 2 0 french
